
6A10057616157044024G45-1NN038WUB00083 
 1.34  1.34  1.33  1.33
13.29 13.21 13.21 13.21
 1.73  1.73  1.72  1.73
13.2 
====

CE94A73616157044942G44-0NN088WUB00226"
89.6 87.5 86.7 85.0 
29.22 29.22 29.23 29.24 
4 2 2 5 
321 27 356 306 
26531 26531 26532 26533 
17 20 21 28 
-91.10 -90.99 -87.25 -92.19 
-5.08 -5.65 -5.59 -4.93 
21.46 21.46 21.46 21.46 
0.35 
:BATTLOAD 0 12.89  
====

CE52A39C16157045132G44-0NN088WUP00044"
0.52 0.51 0.52 0.52 
:BATTLOAD 0 12.71  
====

3A80016016157045424G47+0NN038WUB00052 
 3.14  3.14  3.14  3.14
12.88 12.88 12.88 12.88 
====

3A80121616157045435G48-0NN038WUP00035 
 1.18
 1.19
 1.19
 1.18 12.6 
====

CE94B44016157050547G43+0NN088WUB00036"
76.6 76.5 76.4 76.4 
:BL 12.83  
====

CE94C2D016157050552G41+0NN088WUB00070"
32.14 32.13 32.12 32.11 
69.7 69.6 67.9 67.7 
:BATTLOAD 0 12.89  
====

CE94D1A616157050557G40+0NN088WUB00070"
45.63 45.62 45.62 45.60 
66.8 66.5 66.4 66.3 
:BATTLOAD 0 13.65  
====

CE9530AE16157050621G46-0NN088WUP00084"
49.4 49.5 48.9 49.1 
-2.98 -3.11 -2.51 -4.05 
4.42 4.40 4.38 4.38 
:BL 12.89  
====

CE95554816157050631G46-0NN088WUB00088"
50.8 50.8 50.2 49.8 
0.47 0.67 0.81 0.80 
0.22 0.21 0.21 0.21 
:BATTLOAD 0 12.83  
====

6A10057616157054024G45-1NN038WUB00083 
 1.33  1.33  1.33  1.33
13.13 13.13 13.13 13.13
 1.73  1.73  1.73  1.73
13.1 
====

CE94A73616157054942G45-0NN088WUP00227"
83.3 83.1 82.8 82.2 
29.24 29.24 29.24 29.24 
3 1 3 3 
360 320 329 313 
26534 26534 26535 26536 
32 32 36 38 
-86.03 -79.22 -83.05 -90.29 
-4.25 -5.33 -3.94 -4.59 
21.45 21.45 21.45 21.45 
0.35 
:BATTLOAD 0 12.89  
====

CE52A39C16157055132G45+0NN088WUP00044"
0.52 0.52 0.52 0.52 
:BATTLOAD 0 12.71  
====

3A80016016157055424G47+0NN038WUB00052 
 3.14  3.14  3.14  3.15
12.88 12.88 12.88 12.88 
====

3A80121616157055435G48-0NN038WUB00035 
 1.19
 1.20
 1.20
 1.20 12.6 
====

CE94B44016157060547G43+0NN088WUB00036"
76.0 76.3 76.1 75.4 
:BL 12.77  
====

CE94C2D016157060552G41+0NN088WUP00070"
32.10 32.09 32.08 32.06 
66.3 65.4 64.7 64.2 
:BATTLOAD 0 12.89  
====

CE94D1A616157060557G40-0NN088WUB00070"
45.60 45.60 45.54 45.54 
66.1 66.0 65.8 65.7 
:BATTLOAD 0 13.71  
====

CE9530AE16157060621G46-0NN088WUP00084"
49.1 49.1 49.5 49.1 
-3.09 -3.09 -2.66 -2.97 
4.38 4.38 4.38 4.35 
:BL 12.81  
====

CE95554816157060631G46-0NN088WUB00088"
49.8 49.5 49.5 49.6 
0.61 0.58 0.65 0.61 
0.21 0.21 0.20 0.20 
:BATTLOAD 0 12.77  
====

6A10057616157064024G45-1NN038WUB00083 
 1.33  1.34  1.33  1.33
13.05 13.05 13.05 13.05
 1.74  1.75  1.75  1.74
13.1 
====

CE94A73616157064942G44-0NN088WUB00225"
81.5 80.9 78.9 79.2 
29.24 29.24 29.24 29.24 
3 4 3 3 
321 2 332 355 
26536 26537 26538 26539 
37 37 45 41 
-84.89 -81.55 -78.13 -78.87 
-4.75 -3.96 -4.24 -3.92 
21.45 21.44 21.44 21.44 
0.35 
:BATTLOAD 0 12.83  
====

CE52A39C16157065132G45+0NN088WUP00044"
0.52 0.52 0.52 0.52 
:BATTLOAD 0 12.65  
====

3A80016016157065424G47+0NN038WUB00052 
 3.14  3.14  3.14  3.14
12.88 12.88 12.88 12.88 
====

3A80121616157065435G48+0NN038WUB00035"
 1.20
 1.20
 1.20
 1.21 12.6 
====

CE94B44016157070547G43-0NN088WUB00036"
75.1 74.8 74.8 74.6 
:BL 12.77  
====

CE94C2D016157070552G42-0NN088WUP00070"
32.05 32.04 32.03 32.03 
64.5 64.5 63.6 62.6 
:BATTLOAD 0 12.89  
====

CE94D1A616157070557G40-0NN088WUP00070"
45.53 45.53 45.53 45.49 
65.7 65.6 65.5 65.3 
:BATTLOAD 0 13.77  
====

CE9530AE16157070621G46+0NN088WUB00084"
48.8 49.0 48.5 48.2 
-2.54 -2.81 -3.26 -3.58 
4.35 4.35 4.35 4.35 
:BL 12.81  
====

CE95554816157070631G46+0NN088WUB00088"
49.5 49.4 49.1 49.2 
0.73 0.63 0.78 0.44 
0.20 0.20 0.20 0.20 
:BATTLOAD 0 12.71  
====

6A10057616157074024G45-1NN038WUP00083 
 1.33  1.33  1.34  1.33
13.05 13.05 12.98 13.05
 1.73  1.73  1.73  1.72
13.1 
====

CE94A73616157074942G45-0NN088WUB00224"
78.5 78.3 75.1 73.8 
29.24 29.24 29.24 29.24 
2 3 3 3 
341 357 8 13 
26539 26540 26541 26542 
42 43 52 49 
-78.05 -77.90 -76.66 -74.73 
-3.97 -3.84 -3.90 -3.51 
21.44 21.44 21.44 21.44 
0.35 
:BATTLOAD 0 12.83  
====

CE52A39C16157075132G44-0NN088WUP00044"
0.52 0.52 0.51 0.52 
:BATTLOAD 0 12.65  
====

3A80016016157075424G47+0NN038WUB00052 
 3.15  3.13  3.15  3.14
12.88 12.88 12.88 12.80 
====

3A80121616157075435G48+0NN038WUP00035 
 1.22
 1.22
 1.22
 1.22 12.6 
====

CE94B44016157080547G44+0NN088WUP00036"
74.6 74.4 74.3 74.3 
:BL 12.71  
====

CE94C2D016157080552G41-0NN088WUP00070"
32.01 32.00 31.99 31.98 
61.8 61.2 60.8 61.0 
:BATTLOAD 0 12.83  
====

CE94D1A616157080557G40-0NN088WUB00070"
45.49 45.49 45.49 45.49 
65.0 64.9 64.8 64.5 
:BATTLOAD 0 13.71  
====

CE9530AE16157080621G46-0NN088WUB00084"
47.7 47.6 48.0 47.3 
-3.06 -3.05 -3.04 -3.87 
4.34 4.34 4.34 4.34 
:BL 12.73  
====

CE95554816157080631G46-0NN088WUP00088"
49.1 48.8 48.6 48.5 
0.76 0.76 0.53 0.47 
0.20 0.20 0.19 0.19 
:BATTLOAD 0 12.71  
====

6A10057616157084024G45-1NN038WUP00083 
 1.33  1.33  1.33  1.33
12.98 12.98 12.98 12.98
 1.73  1.73  1.72  1.72
13.0 
====

CE94A73616157084942G45-0NN088WUP00225"
73.8 75.0 75.3 74.0 
29.23 29.23 29.23 29.23 
2 3 2 3 
358 354 5 352 
26542 26543 26543 26544 
44 39 43 42 
-74.39 -70.80 -75.12 -75.93 
-3.48 -2.69 -2.81 -3.56 
21.43 21.43 21.43 21.43 
0.35 
:BATTLOAD 0 12.83  
====

CE52A39C16157085132G44+0NN088WUP00044"
0.52 0.52 0.52 0.52 
:BATTLOAD 0 12.60  
====

3A80016016157085424G48+0NN038WUP00052 
 3.15  3.16  3.13  3.14
12.88 12.80 12.80 12.80 
====

3A80121616157085435G48+0NN038WUP00035 
 1.21
 1.23
 1.22
 1.23 12.6 
====

CE94B44016157090547G44-0NN088WUP00036"
74.6 74.5 74.7 74.5 
:BL 12.71  
====

CE94C2D016157090552G41-0NN088WUP00070"
31.97 31.96 31.95 31.94 
60.3 59.8 59.5 59.5 
:BATTLOAD 0 12.83  
====

CE94D1A616157090557G40-0NN088WUB00070"
45.49 45.49 45.49 45.44 
64.3 64.2 64.4 64.3 
:BATTLOAD 0 13.71  
====

CE9530AE16157090621G46+0NN088WUP00084"
47.7 48.0 47.4 47.2 
-2.80 -3.42 -3.49 -3.23 
4.34 4.34 4.34 4.34 
:BL 12.73  
====

CE95554816157090631G46+0NN088WUB00088"
48.4 48.1 47.8 47.6 
0.61 0.69 0.62 0.56 
0.19 0.19 0.19 0.19 
:BATTLOAD 0 12.71  
====

6A10057616157094024G45-1NN038WUB00083 
 1.33  1.33  1.33  1.33
12.98 12.98 12.98 12.98
 1.73  1.72  1.73  1.73
13.0 
====

CE94A73616157094942G45-0NN088WUB00222"
72.4 71.5 71.3 71.1 
29.23 29.22 29.22 29.22 
3 1 1 3 
2 314 4 14 
26545 26545 26545 26546 
46 53 53 52 
-68.82 -71.58 -71.99 -68.02 
-3.89 -3.76 -3.70 -3.67 
21.43 21.43 21.43 21.43 
0.35 
:BATTLOAD 0 12.83  
====

CE52A39C16157095132G45+0NN088WUP00044"
0.52 0.52 0.52 0.51 
:BATTLOAD 0 12.60  
====

3A80016016157095424G47+0NN038WUP00052 
 3.14  3.14  3.13  3.14
12.80 12.80 12.80 12.80 
====

3A80121616157095435G48+0NN038WUP00035 
 1.23
 1.22
 1.23
 1.23 12.6 
====

CE94B44016157100547G44+0NN088WUP00036"
74.0 73.5 73.6 73.7 
:BL 12.71  
====

CE94C2D016157100552G41-0NN088WUP00070"
31.93 31.92 31.91 31.90 
59.4 58.5 58.1 58.0 
:BATTLOAD 0 12.77  
====

CE94D1A616157100557G40+0NN088WUB00070"
45.44 45.44 45.44 45.44 
64.3 64.4 64.0 63.6 
:BATTLOAD 0 13.65  
====

CE9530AE16157100621G46-0NN088WUP00084"
47.0 46.9 47.1 46.9 
-3.50 -2.66 -3.59 -2.79 
4.35 4.35 4.35 4.34 
:BL 12.73  
====

CE95554816157100631G46-0NN088WUP00088"
47.3 47.1 46.9 46.7 
0.45 0.48 0.64 0.68 
0.19 0.19 0.19 0.18 
:BATTLOAD 0 12.65  
====

6A10057616157104024G45-1NN038WUB00083 
 1.33  1.33  1.33  1.33
12.98 12.98 12.98 12.98
 1.73  1.73  1.73  1.73
13.0 
====

CE94A73616157104942G46-0NN088WUP00224"
72.9 72.4 73.5 72.8 
29.21 29.21 29.21 29.21 
8 1 3 3 
25 255 55 14 
26548 26548 26549 26550 
52 48 51 47 
-67.17 -67.10 -71.09 -67.99 
-3.54 -3.88 -4.39 -2.93 
21.43 21.43 21.43 21.43 
0.35 
:BATTLOAD 0 12.77  
====

CE52A39C16157105132G45+0NN088WUP00044"
0.52 0.52 0.52 0.52 
:BATTLOAD 0 12.54  
====

3A80016016157105424G48+0NN038WUP00052 
 3.14  3.13  3.14  3.14
12.80 12.80 12.80 12.80 
====

3A80121616157105435G48+0NN038WUB00035 
 1.23
 1.22
 1.23
 1.23 12.5 
====

CE94B44016157110547G45+0NN088WUB00036"
73.1 72.9 72.7 72.7 
:BL 12.65  
====

CE94C2D016157110552G42-0NN088WUP00070"
31.89 31.88 31.87 31.87 
57.8 57.8 57.3 57.5 
:BATTLOAD 0 12.77  
====

CE94D1A616157110557G40+0NN088WUB00070"
45.44 45.43 45.43 45.43 
63.6 63.7 63.7 63.5 
:BATTLOAD 0 13.71  
====

CE9530AE16157110621G46-0NN088WUP00085"
47.2 46.8 46.2 46.4 
-2.85 -17.76 -2.73 -4.33 
4.34 4.34 4.34 4.32 
:BL 12.65  
====

CE95554816157110631G46-0NN088WUP00088"
46.6 46.3 46.1 45.9 
0.70 0.50 0.53 0.41 
0.18 0.18 0.18 0.18 
:BATTLOAD 0 12.65  
====

6A10057616157114024G45-1NN038WUP00083 
 1.33  1.33  1.34  1.33
12.90 12.90 12.90 12.90
 1.74  1.75  1.75  1.75
12.9 
====

CE94A73616157114942G45-0NN088WUB00226"
71.6 67.9 67.4 68.1 
29.22 29.22 29.22 29.22 
1 2 1 3 
126 176 168 35 
26550 26550 26551 26552 
48 53 59 56 
-69.81 -70.50 -70.49 -67.06 
-3.75 -3.66 -3.97 -3.83 
21.43 21.43 21.43 21.43 
0.35 
:BATTLOAD 0 12.77  
====

CE52A39C16157115132G45+0NN088WUP00044"
0.52 0.52 0.52 0.52 
:BATTLOAD 0 12.54  
====

3A80016016157115424G48+1NN038WUB00052 
 3.15  3.14  3.14  3.14
12.72 12.72 12.80 12.72 
====

3A80121616157115435G48+0NN038WUB00035 
 1.23
 1.23
 1.23
 1.24 12.5 
====

CE94B44016157120547G45-0NN088WUB00036"
72.9 73.1 73.5 73.7 
:BL 12.65  
====

CE94C2D016157120552G42+0NN088WUP00070"
31.86 31.85 31.84 31.84 
57.9 56.9 57.0 56.9 
:BATTLOAD 0 12.71  
====

CE94D1A616157120557G40+0NN088WUB00070"
45.43 45.43 45.43 45.43 
63.4 62.9 62.6 62.2 
:BATTLOAD 0 13.77  
====

CE9530AE16157120621G46-0NN088WUP00084"
46.3 46.3 45.9 46.1 
-3.38 -2.60 -3.84 -2.95 
4.32 4.32 4.32 4.32 
:BL 12.65  
====

CE95554816157120631G46-0NN088WUP00088"
45.7 45.5 45.5 45.4 
0.49 0.59 0.55 0.38 
0.18 0.15 0.15 0.15 
:BATTLOAD 0 12.65  
====

6A10057616157124024G46-1NN038WUP00083 
 1.33  1.34  1.34  1.33
12.90 12.90 12.90 12.90
 1.75  1.75  1.75  1.75
12.9 
====

CE94A73616157124942G45-0NN088WUP00222"
69.4 69.5 69.9 70.0 
29.22 29.22 29.22 29.22 
5 5 6 6 
45 24 26 24 
26553 26554 26556 26557 
61 62 55 56 
-71.21 -68.02 -66.00 -63.46 
-3.41 -3.19 -2.04 3.55 
21.43 21.43 21.43 21.43 
0.35 
:BATTLOAD 0 12.71  
====

CE52A39C16157125132G44+0NN088WUP00044"
0.52 0.52 0.52 0.52 
:BATTLOAD 0 12.54  
====

3A80016016157125424G49+1NN038WUB00052"
 3.13  3.14  3.14  3.13
12.72 12.72 12.72 12.72 
====

3A80121616157125435G48+0NN038WUB00035 
 1.22
 1.24
 1.24
 1.24 12.5 
====

CE94B44016157130547G44-0NN088WUP00036"
73.4 73.5 72.4 71.6 
:BL 12.65  
====

CE94C2D016157130552G41-0NN088WUB00070"
31.83 31.83 31.82 31.82 
56.5 56.2 56.3 55.9 
:BATTLOAD 0 12.71  
====

CE94D1A616157130557G41+0NN088WUP00070"
45.43 45.43 45.37 45.37 
62.7 62.5 62.8 63.0 
:BATTLOAD 0 13.71  
====

CE9530AE16157130621G46+0NN088WUP00084"
45.8 45.4 45.7 46.3 
-3.31 -2.72 -3.06 -3.33 
4.32 4.32 4.32 4.28 
:BL 12.65  
====

CE95554816157130631G46-0NN088WUP00088"
45.3 45.5 45.5 45.8 
0.57 0.54 0.73 0.52 
0.15 0.13 0.13 0.12 
:BATTLOAD 0 12.65  
====

6A10057616157134024G45-1NN038WUP00083"
 1.33  1.33  1.33  1.33
12.90 12.90 12.90 12.90
 1.75  1.74  1.74  1.75
12.9 
====

CE94A73616157134942G45+0NN088WUP00223"
69.8 70.5 71.2 72.1 
29.23 29.23 29.23 29.23 
5 6 6 6 
25 27 25 26 
26558 26560 26561 26562 
57 57 53 54 
-56.49 -44.22 -25.21 -6.59 
19.59 43.38 75.79 111.52 
21.42 21.42 21.42 21.42 
0.35 
:BATTLOAD 0 12.71  
====

CE52A39C16157135132G44+0NN088WUP00044"
0.52 0.52 0.52 0.52 
:BATTLOAD 0 12.54  
====

3A80016016157135424G49+1NN038WUB00052 
 3.15  3.13  3.13  3.14
12.80 12.72 12.72 12.72 
====

3A80121616157135435G48+0NN038WUP00035 
 1.23
 1.23
 1.23
 1.23 12.5 
====

CE94B44016157140547G44-0NN088WUP00036"
72.0 72.4 73.2 73.6 
:BL 12.65  
====

CE94C2D016157140552G42-0NN088WUB00070"
31.81 31.81 31.80 31.80 
56.4 57.4 58.5 62.0 
:BATTLOAD 0 12.71  
====

CE94D1A616157140557G41-0NN088WUP00070"
45.37 45.37 45.37 45.37 
62.5 61.7 62.6 63.0 
:BATTLOAD 0 13.71  
====

CE9530AE16157140621G46-0NN088WUB00084"
46.4 47.0 46.9 48.2 
-2.52 -2.69 -3.18 -3.42 
4.27 4.26 4.26 4.24 
:BL 12.65  
====

CE95554816157140631G46+0NN088WUP00088"
45.6 45.3 45.9 46.1 
0.52 0.40 0.63 0.57 
0.12 0.12 0.12 0.10 
:BATTLOAD 0 12.65  
====

6A10057616157144024G46-1NN038WUP00083 
 1.33  1.34  1.33  1.33
12.90 12.90 12.90 12.90
 1.74  1.75  1.75  1.74
12.9 
====

CE94A73616157144942G45+0NN088WUP00224"
74.1 75.5 76.7 79.2 
29.23 29.24 29.23 29.24 
4 4 4 5 
17 30 38 97 
26563 26564 26565 26567 
50 42 45 38 
15.03 44.41 74.36 102.33 
151.58 198.90 244.74 294.22 
21.42 21.42 21.42 21.42 
0.35 
:BATTLOAD 0 12.83  
====

CE52A39C16157145132G44-0NN088WUP00044"
0.52 0.52 0.52 0.52 
:BATTLOAD 0 12.48  
====

3A80016016157145424G49+1NN038WUP00052 
 3.14  3.14  3.14  3.14
12.72 12.72 12.80 12.80 
====

3A80121616157145435G48+0NN038WUB00035 
 1.24
 1.23
 1.24
 1.24 12.5 
====

CE94B44016157150547G44-0NN088WUP00036"
73.9 73.1 73.3 74.0 
:BL 12.71  
====

CE94C2D016157150552G42-0NN088WUP00070"
31.80 31.80 31.80 31.80 
66.4 69.3 70.7 73.4 
:BATTLOAD 0 12.89  
====

CE94D1A616157150557G42-0NN088WUB00070"
45.37 45.37 45.37 45.37 
63.8 64.7 65.5 66.1 
:BATTLOAD 0 13.71  
====

CE9530AE16157150621G45+1NN088WUP00084"
49.6 51.1 52.2 53.6 
-2.70 -2.57 -2.91 -3.63 
4.23 4.22 4.20 4.15 
:BL 12.89  
====

CE95554816157150631G45+0NN088WUP00088"
46.4 47.1 49.0 50.7 
0.42 0.40 0.99 0.19 
0.10 0.10 0.09 0.03 
:BATTLOAD 0 12.65  
====

6A10057616157154024G46-1NN038WUP00083 
 1.33  1.33  1.33  1.33
12.90 12.98 13.05 13.13
 1.75  1.75  1.74  1.74
13.1 
====

CE94A73616157154942G45+0NN088WUB00231"
82.4 84.1 85.2 86.7 
29.23 29.24 29.23 29.24 
3 4 4 5 
128 127 173 174 
26567 26569 26570 26571 
31 26 24 23 
139.35 162.22 184.18 214.57 
342.49 392.19 445.49 487.26 
21.43 21.43 21.43 21.43 
0.35 
:BATTLOAD 0 13.36  
====

CE52A39C16157155132G44-0NN088WUP00044"
0.52 0.52 0.52 0.52 
:BATTLOAD 0 12.54  
====

3A80016016157155424G49+1NN038WUP00052 
 3.14  3.13  3.14  3.13
12.88 12.88 12.96 12.96 
====

3A80121616157155435G47+0NN038WUP00035 
 1.25
 1.24
 1.24
 1.24 12.5 
====

CE94B44016157160547G44+0NN088WUP00036"
75.1 75.6 76.3 76.1 
:BL 12.71  
====

CE94C2D016157160552G42-0NN088WUP00070"
31.80 31.81 31.82 31.83 
75.4 78.0 79.3 80.4 
:BATTLOAD 0 13.65  
====

CE94D1A616157160557G41+0NN088WUP00070"
45.37 45.37 45.38 45.38 
67.3 68.4 70.1 71.8 
:BATTLOAD 0 13.83  
====

CE9530AE16157160621G43+0NN088WUP00084"
53.8 55.3 57.5 59.3 
-3.43 -3.98 -3.59 -2.56 
4.12 4.12 4.12 4.12 
:BL 14.32  
====

CE95554816157160631G45+0NN088WUP00096"
54.7 55.3 56.8 58.5 
-0.42 -0.24 -0.43 -0.31 
-0.02 -0.10 -0.21 -0.24 
:BATTLOAD 0 13.30  
====

6A10057616157164024G46-1NN038WUP00083 
 1.33  1.33  1.33  1.33
13.21 13.29 13.37 13.53
 1.74  1.74  1.74  1.74
13.5 
====

CE94A73616157164942G45+0NN088WUP00231"
88.1 87.5 88.1 89.2 
29.24 29.24 29.24 29.23 
4 5 4 6 
138 175 147 177 
26572 26573 26574 26576 
21 22 24 24 
254.38 281.07 312.02 308.00 
531.93 580.19 623.71 665.94 
21.43 21.43 21.43 21.43 
0.35 
:BATTLOAD 0 13.59  
====

CE52A39C16157165132G44+1NN088WUB00044"
0.52 0.52 0.52 0.52 
:BATTLOAD 0 12.54  
====

3A80016016157165424G48+0NN038WUP00052 
 3.14  3.14  3.13  3.13
13.04 13.19 13.43 13.98 
====

3A80121616157165435G47+0NN038WUP00035 
 1.24
 1.24
 1.23
 1.24 12.5 
====

CE94B44016157170547G44-0NN088WUP00036"
73.9 72.6 71.9 72.2 
:BL 12.77  
====

CE94C2D016157170552G42+0NN088WUB00070"
31.84 31.85 31.86 31.88 
81.0 82.3 82.3 84.0 
:BATTLOAD 0 13.94  
====

CE94D1A616157170557G41-0NN088WUP00070"
45.38 45.38 45.39 45.44 
73.8 75.5 75.9 76.5 
:BATTLOAD 0 13.77  
====

CE9530AE16157170621G45+0NN088WUB00084"
56.4 56.8 57.0 57.8 
-3.22 -3.77 -3.59 -3.65 
4.13 4.13 4.13 4.13 
:BL 14.00  
====

CE95554816157170631G45+0NN088WUP00094"
60.1 61.0 62.4 64.5 
-0.38 -0.45 0.27 0.61 
-0.24 -0.24 -0.25 -0.25 
:BATTLOAD 0 14.18  
====

6A10057616157174024G46-1NN038WUB00083 
 1.33  1.33  1.33  1.33
13.53 13.68 13.84 14.00
 1.74  1.74  1.73  1.74
14.0 
====

CE94A73616157174942G45+0NN088WUP00231"
90.9 91.4 88.8 90.8 
29.24 29.23 29.23 29.23 
5 5 6 6 
169 162 211 178 
26577 26578 26580 26581 
23 23 29 26 
370.73 414.39 418.19 434.38 
705.89 747.82 787.74 820.33 
21.44 21.44 21.44 21.44 
0.35 
:BATTLOAD 0 13.65  
====

CE52A39C16157175132G44-0NN088WUB00044"
0.52 0.52 0.52 0.52 
:BATTLOAD 0 12.77  
====

3A80016016157175424G48-0NN038WUB00052 
 3.13  3.13  3.13  3.14
13.82 13.74 13.59 13.59 
====

3A80121616157175435G47+0NN038WUB00035 
 1.24
 1.24
 1.24
 1.24 12.6 
====

CE94B44016157180547G44-0NN088WUB00036"
72.8 73.1 73.2 74.2 
:BL 12.83  
====

CE94C2D016157180552G42+0NN088WUB00070"
31.89 31.90 31.92 31.94 
85.0 85.7 87.0 87.3 
:BATTLOAD 0 14.12  
====

CE94D1A616157180557G41+0NN088WUB00070"
45.48 45.49 45.50 45.53 
76.5 76.1 76.6 76.5 
:BATTLOAD 0 13.77  
====

CE9530AE16157180621G45+0NN088WUB00084"
57.3 57.8 58.5 57.5 
-3.59 -3.56 -3.84 -4.03 
4.13 4.13 4.13 4.12 
:BL 14.48  
====

CE95554816157180631G45+0NN088WUB00092"
64.1 64.7 65.4 66.1 
0.18 0.13 0.49 0.49 
-0.25 -0.25 -0.25 -0.25 
:BATTLOAD 0 13.83  
====

6A10057616157184024G46-1NN038WUB00083 
 1.33  1.33  1.33  1.33
14.08 14.16 14.39 13.84
 1.74  1.74  1.74  1.74
13.8 
====

CE94A73616157184942G45+0NN088WUB00231"
92.9 92.0 92.7 92.1 
29.23 29.23 29.23 29.22 
4 6 9 2 
174 221 220 189 
26582 26584 26586 26586 
25 25 25 27 
458.51 449.12 475.14 507.65 
850.54 875.57 897.34 914.76 
21.44 21.45 21.45 21.45 
0.35 
:BATTLOAD 0 13.59  
====

CE52A39C16157185132G44+0NN088WUB00044"
0.52 0.52 0.52 0.52 
:BATTLOAD 0 13.18  
====

3A80016016157185424G48-0NN038WUP00052 
 3.14  3.13  3.12  3.13
13.59 13.59 13.59 13.59 
====

3A80121616157185435G47+0NN038WUB00035"
 1.23
 1.24
 1.24
 1.23 12.7 
====

CE94B44016157190547G44-0NN088WUB00036"
75.0 75.4 76.2 76.8 
:BL 12.89  
====

CE94C2D016157190552G42+0NN088WUP00070"
31.95 31.96 31.98 31.99 
87.7 88.9 88.7 90.1 
:BATTLOAD 0 13.65  
====

CE94D1A616157190557G41+0NN088WUB00070"
45.53 45.54 45.54 45.56 
76.7 76.7 77.8 77.4 
:BATTLOAD 0 13.77  
====

CE9530AE16157190621G45+0NN088WUB00084"
58.2 59.0 58.8 59.0 
-4.24 -3.98 -4.27 -3.92 
4.12 4.12 4.09 4.06 
:BL 14.16  
====

CE95554816157190631G45+0NN088WUP00092"
67.1 65.9 67.2 66.0 
0.86 0.62 0.66 0.37 
-0.25 -0.25 -0.25 -0.25 
:BATTLOAD 0 14.12  
====

6A10057616157194024G45-1NN038WUP00083 
 1.33  1.33  1.33  1.33
13.68 13.61 14.39 13.68
 1.74  1.74  1.73  1.74
13.7 
====

CE94A73616157194942G45+0NN088WUB00231"
92.9 95.0 95.9 95.7 
29.22 29.22 29.22 29.21 
8 5 5 7 
235 177 188 241 
26588 26590 26591 26593 
27 24 22 20 
464.01 469.14 493.09 553.33 
930.39 946.18 961.60 966.44 
21.45 21.45 21.46 21.46 
0.35 
:BATTLOAD 0 13.59  
====

CE52A39C16157195132G43+0NN088WUB00044"
0.52 0.53 0.52 0.52 
:BATTLOAD 0 13.18  
====

3A80016016157195424G48-0NN038WUP00052 
 3.13  3.12  3.13  3.12
13.82 13.82 13.82 13.67 
====

3A80121616157195435G47+0NN038WUP00035 
 1.24
 1.23
 1.21
 1.23 12.9 
====

CE94B44016157200547G44+0NN088WUB00036"
77.3 77.7 78.3 78.5 
:BL 13.30  
====

CE94C2D016157200552G42+0NN088WUP00070"
32.00 32.01 32.02 32.03 
90.8 90.4 91.0 91.7 
:BATTLOAD 0 14.00  
====

CE94D1A616157200557G40-0NN088WUB00070"
45.60 45.60 45.60 45.61 
77.3 77.5 78.7 78.1 
:BATTLOAD 0 13.71  
====

CE9530AE16157200621G45-0NN088WUB00084"
58.4 58.4 58.9 58.8 
-4.19 -4.13 -4.23 -4.11 
4.02 3.96 3.89 3.83 
:BL 14.16  
====

CE95554816157200631G45+0NN088WUP00092"
66.4 66.9 65.9 65.4 
0.48 0.17 1.27 1.39 
-0.25 -0.25 -0.25 -0.26 
:BATTLOAD 0 13.71  
====

6A10057616157204024G45-1NN038WUB00083 
 1.33  1.34  1.34  1.34
13.61 13.61 13.76 13.61
 1.74  1.73  1.74  1.74
13.7 
====

CE94A73616157204942G45+0NN088WUP00231"
96.4 96.9 96.3 96.8 
29.20 29.20 29.19 29.18 
6 3 8 5 
248 198 232 209 
26594 26595 26597 26598 
21 20 22 20 
550.56 563.54 486.23 527.71 
966.22 970.58 975.71 973.24 
21.46 21.46 21.46 21.46 
0.35 
:BATTLOAD 0 13.59  
====

CE52A39C16157205132G44+0NN088WUB00044"
0.53 0.52 0.53 0.52 
:BATTLOAD 0 13.24  
====

3A80016016157205424G48-0NN038WUP00052 
 3.11  3.13  3.11  3.12
13.59 13.98 13.90 13.59 
====

3A80121616157205435G47+0NN038WUB00035"
 1.22
 1.22
 1.21
 1.20 13.5 
====

CE94B44016157210547G45+0NN088WUB00036"
79.1 80.0 80.4 80.7 
:BL 13.59  
====

CE94C2D016157210552G42+0NN088WUB00070"
32.04 32.04 32.05 32.06 
91.5 91.5 92.5 92.3 
:BATTLOAD 0 13.71  
====

CE94D1A616157210557G39+0NN088WUB00070"
45.61 45.62 45.62 45.63 
79.5 80.0 80.1 80.3 
:BATTLOAD 0 13.71  
====

CE9530AE16157210621G46-0NN088WUB00084"
58.8 58.8 58.6 58.5 
-4.10 -4.13 -4.11 -4.26 
3.72 3.65 3.52 3.43 
:BL 14.32  
====

CE95554816157210631G45-0NN088WUP00092"
66.3 66.5 66.7 66.5 
0.63 0.53 0.26 1.25 
-0.26 -0.26 -0.26 -0.26 
:BATTLOAD 0 13.71  
====

6A10057616157214024G45-1NN038WUP00083 
 1.34  1.34  1.34  1.34
13.76 13.61 14.08 13.61
 1.74  1.73  1.73  1.73
13.6 
====

CE94A73616157214942G45+0NN088WUB00232"
98.8 98.2 98.2 99.5 
29.18 29.18 29.17 29.17 
4 9 11 9 
220 230 255 235 
26599 26602 26604 26607 
18 18 17 17 
523.83 494.37 503.51 449.99 
952.76 959.38 895.65 883.49 
21.46 21.47 21.47 21.47 
0.35 
:BATTLOAD 0 14.24  
====

CE52A39C16157215132G45-0NN088WUB00044"
0.53 0.52 0.53 0.52 
:BATTLOAD 0 13.30  
====

3A80016016157215424G47-0NN038WUP00052 
 3.12  3.11  3.11  3.10
13.90 13.82 13.98 13.59 
====

3A80121616157215435G47+0NN038WUP00035 
 1.21
 1.20
 1.20
 1.20 13.4 
====

CE94B44016157220547G44+0NN088WUP00036"
81.4 81.3 81.1 80.6 
:BL 13.94  
====

CE94C2D016157220552G42-0NN088WUB00070"
32.07 32.08 32.09 32.10 
92.5 93.4 92.3 93.0 
:BATTLOAD 0 14.06  
====

CE94D1A616157220557G40-0NN088WUP00070"
45.64 45.64 45.65 45.65 
79.5 79.2 79.0 78.7 
:BATTLOAD 0 13.59  
====

CE9530AE16157220621G46+0NN088WUB00084"
58.1 58.3 58.7 58.3 
-3.80 -3.97 -4.19 -3.79 
3.36 3.27 3.18 3.15 
:BL 14.40  
====

CE95554816157220631G45+0NN088WUP00092"
67.2 67.8 66.9 66.8 
0.82 0.53 0.43 1.75 
-0.26 -0.26 -0.26 -0.26 
:BATTLOAD 0 13.65  
====

6A10057616157224024G45-1NN038WUB00083 
 1.34  1.34  1.34  1.34
13.68 13.92 13.61 14.00
 1.73  1.73  1.73  1.73
14.0 
====

CE94A73616157224942G45+0NN088WUP00236"
98.1 101.1 101.2 100.5 
29.17 29.16 29.16 29.16 
11 8 9 10 
244 257 252 270 
26609 26611 26613 26616 
17 13 13 12 
460.15 446.69 441.79 403.62 
899.93 864.62 846.14 817.12 
21.47 21.47 21.47 21.47 
0.35 
:BATTLOAD 0 13.88  
====

CE52A39C16157225132G45+0NN088WUP00044"
0.52 0.52 0.52 0.52 
:BATTLOAD 0 13.18  
====

3A80016016157225424G47-0NN038WUP00052 
 3.10  3.11  3.10  3.11
13.67 13.90 14.06 13.90 
====

3A80121616157225435G47+0NN038WUP00035 
 1.19
 1.19
 1.17
 1.18 13.3 
====

CE94B44016157230547G44-0NN088WUB00036"
80.2 80.7 80.4 80.6 
:BL 13.71  
====

CE94C2D016157230552G42-0NN088WUP00070"
32.11 32.12 32.12 32.13 
92.8 92.7 92.4 92.7 
:BATTLOAD 0 13.94  
====

CE94D1A616157230557G40+0NN088WUB00070"
45.65 45.65 45.65 45.65 
78.7 78.2 78.5 77.8 
:BATTLOAD 0 13.59  
====

CE9530AE16157230621G46-0NN088WUP00084"
58.6 58.2 58.7 58.1 
-3.98 -4.11 -3.89 -3.91 
3.04 2.94 2.80 2.73 
:BL 14.16  
====

CE95554816157230631G45+0NN088WUB00092"
67.5 66.5 65.1 65.5 
1.21 0.60 0.97 0.19 
-0.26 -0.26 -0.26 -0.26 
:BATTLOAD 0 13.48  
====

6A10057616157234024G44-1NN038WUB00083 
 1.34  1.34  1.34  1.34
14.08 14.00 13.92 13.92
 1.73  1.73  1.73  1.73
13.9 
====

CE94A73616157234942G45+0NN088WUB00231"
101.2 101.3 100.6 101.4 
29.15 29.14 29.14 29.13 
7 10 10 M 
260 290 271 M 
26618 26620 26623 M 
12 11 12 11 
395.61 419.52 347.95 333.91 
783.47 752.49 704.52 660.59 
21.47 21.47 21.47 21.47 
0.35 
:BATTLOAD 0 13.83  
====

CE52A39C16157235132G44+0NN088WUP00044"
0.52 0.52 0.52 0.52 
:BATTLOAD 0 13.18  
====

3A80016016157235424G47-0NN038WUP00052 
 3.11  3.10  3.10  3.10
13.90 13.82 13.67 13.51 
====

3A80121616157235435G48-0NN038WUP00035 
 1.17
 1.17
 1.16
 1.16 12.9 
====

CE94B44016158000547G44-0NN088WUP00036"
80.6 80.5 80.0 81.1 
:BL 14.00  
====

CE94C2D016158000552G41-0NN088WUB00070"
32.14 32.14 32.15 32.15 
93.1 93.3 93.8 93.4 
:BATTLOAD 0 13.59  
====

CE94D1A616158000557G40-0NN088WUB00070"
45.65 45.65 45.65 45.65 
78.0 77.8 77.7 77.5 
:BATTLOAD 0 13.59  
====

CE9530AE16158000621G46+0NN088WUB00084"
58.7 58.9 58.3 58.7 
-3.73 -3.85 -3.98 -4.06 
2.65 2.57 2.50 2.43 
:BL 14.08  
====

CE95554816158000631G46+0NN088WUP00092"
64.9 64.2 63.7 62.5 
1.01 0.91 0.52 1.02 
-0.26 -0.26 -0.25 -0.23 
:BATTLOAD 0 13.00  
====

6A10057616158004024G45-1NN038WUP00083 
 1.34  1.34  1.34  1.34
13.84 13.84 13.76 13.68
 1.73  1.71  1.71  1.72
13.8 
====

CE94A73616158004942G44+0NN088WUP00237"
100.1 100.3 100.1 100.1 
29.13 29.13 29.12 29.12 
12 11 9 8 
262 275 261 284 
26626 26628 26631 26633 
11 11 11 11 
309.17 247.96 211.00 176.68 
618.04 562.22 509.41 455.26 
21.47 21.47 21.47 21.47 
0.36 
:BATTLOAD 0 13.65  
====

CE52A39C16158005132G44+0NN088WUP00044"
0.52 0.52 0.52 0.51 
:BATTLOAD 0 13.48  
====

3A80016016158005424G47-0NN038WUP00052 
 3.10  3.10  3.10  3.10
13.35 13.27 13.19 13.11 
====

3A80121616158005435G48-0NN038WUP00035 
 1.16
 1.15
 1.16
 1.14 12.8 
====

CE94B44016158010547G44+0NN088WUB00036"
80.5 80.3 80.4 79.7 
:BL 13.88  
====

CE94C2D016158010552G41-0NN088WUP00070"
32.15 32.16 32.16 32.16 
92.7 92.5 91.8 91.3 
:BATTLOAD 0 13.36  
====

CE94D1A616158010557G40+0NN088WUB00070"
45.65 45.65 45.65 45.65 
77.3 77.2 76.8 76.0 
:BATTLOAD 0 13.53  
====

CE9530AE16158010621G46-0NN088WUP00084"
58.0 57.2 57.4 57.1 
-3.86 -4.22 -3.88 -4.12 
2.38 2.31 2.23 2.22 
:BL 14.32  
====

CE95554816158010631G46-0NN088WUP00089"
61.2 61.1 60.2 59.9 
0.60 0.91 0.75 0.80 
-0.04 0.12 0.20 0.23 
:BATTLOAD 0 13.00  
====

6A10057616158014024G45-1NN038WUB00083 
 1.34  1.34  1.34  1.34
13.68 13.61 13.53 13.53
 1.73  1.74  1.74  1.74
13.5 
====

CE94A73616158014942G44+0NN088WUB00229"
98.9 99.3 97.9 98.1 
29.11 29.11 29.11 29.11 
9 8 10 7 
290 285 297 293 
26635 26637 26639 26641 
11 11 11 11 
153.39 95.41 74.17 25.36 
405.73 353.19 304.41 249.21 
21.47 21.47 21.47 21.47 
0.36 
:BATTLOAD 0 13.30  
====

CE52A39C16158015132G44-0NN088WUP00044"
0.52 0.51 0.51 0.51 
:BATTLOAD 0 13.12  
====

3A80016016158015424G47-0NN038WUB00052 
 3.10  3.11  3.10  3.11
13.11 13.11 13.04 13.04 
====

3A80121616158015435G48-0NN038WUB00035 
 1.15
 1.14
 1.13
 1.13 12.7 
====

CE94B44016158020547G44+0NN088WUB00036"
79.4 79.0 78.2 77.7 
:BL 13.88  
====

CE94C2D016158020552G41-0NN088WUB00070"
32.16 32.16 32.16 32.16 
91.5 90.7 89.8 89.2 
:BATTLOAD 0 13.00  
====

CE94D1A616158020557G40+0NN088WUB00070"
45.65 45.65 45.64 45.64 
75.6 74.3 73.3 70.8 
:BATTLOAD 0 13.59  
====

CE9530AE16158020621G47-0NN088WUB00084"
56.0 55.5 55.1 54.9 
-4.15 -4.03 -4.37 -4.66 
2.15 2.10 2.08 2.02 
:BL 14.24  
====

CE95554816158020631G46-0NN088WUB00088"
59.0 58.0 57.3 56.6 
0.77 0.65 1.03 0.87 
0.23 0.23 0.23 0.23 
:BATTLOAD 0 12.95  
====

6A10057616158024024G45-1NN038WUP00083 
 1.34  1.34  1.34  1.34
13.45 13.37 13.37 13.29
 1.74  1.75  1.75  1.75
13.3 
====

CE94A73616158024942G44+0NN088WUB00229"
96.8 96.2 95.1 93.8 
29.11 29.12 29.12 29.12 
8 7 7 6 
290 292 293 296 
26643 26645 26647 26648 
11 12 13 14 
-3.03 -29.32 -50.25 -72.27 
197.45 147.16 103.29 62.42 
21.47 21.47 21.47 21.47 
0.36 
:BATTLOAD 0 13.00  
====

CE52A39C16158025132G44-0NN088WUP00044"
0.51 0.51 0.51 0.51 
:BATTLOAD 0 12.77  
====

3A80016016158025424G47+0NN038WUB00052 
 3.10  3.11  3.10  3.10
12.96 12.96 12.96 12.96 
====

3A80121616158025435G48-0NN038WUP00035 
 1.14
 1.13
 1.14
 1.13 12.7 
====

CE94B44016158030547G44+0NN088WUP00036"
77.5 76.4 75.5 74.7 
:BL 13.94  
====

CE94C2D016158030552G42+0NN088WUB00070"
32.16 32.16 32.16 32.16 
87.8 86.9 85.5 83.5 
:BATTLOAD 0 13.00  
====

CE94D1A616158030557G41-0NN088WUB00070"
45.64 45.64 45.64 45.64 
69.6 68.5 67.9 67.2 
:BATTLOAD 0 13.59  
====

CE9530AE16158030621G46-0NN088WUP00084"
54.6 53.3 52.0 51.3 
-4.24 -4.09 -4.34 -4.30 
2.02 2.00 1.99 1.98 
:BL 13.44  
====

CE95554816158030631G46-0NN088WUP00088"
55.5 54.2 52.9 52.0 
0.67 0.22 0.89 0.62 
0.23 0.23 0.23 0.22 
:BATTLOAD 0 12.89  
====

6A10057616158034024G45-1NN038WUP00083 
 1.34  1.34  1.34  1.34
13.21 13.21 13.21 13.21
 1.75  1.76  1.75  1.76
13.2 
====

CE94A73616158034942G45+0NN088WUP00227"
92.2 90.6 89.6 87.9 
29.12 29.12 29.12 29.12 
5 5 6 3 
295 304 302 313 
26649 26651 26652 26653 
15 17 17 19 
-93.74 -98.74 -104.07 -99.68 
28.18 1.79 -3.71 -4.96 
21.46 21.46 21.46 21.46 
0.36 
:BATTLOAD 0 12.89  
====

CE52A39C16158035132G44-0NN088WUP00044"
0.50 0.51 0.50 0.50 
:BATTLOAD 0 12.71  
====

3A80016016158035424G47+0NN038WUB00052 
 3.10  3.11  3.11  3.12
12.96 12.96 12.96 12.88 
====

3A80121616158035435G48-0NN038WUB00035"
 1.13
 1.13
 1.12
 1.13 12.7 
====

CE94B44016158040547G44+0NN088WUB00036"
73.7 73.3 72.8 72.4 
:BL 13.12  
====

CE94C2D016158040552G41-0NN088WUB00070"
32.16 32.15 32.15 32.14 
79.7 76.6 74.3 71.2 
:BATTLOAD 0 12.95  
====

CE94D1A616158040557G40+0NN088WUB00070"
45.63 45.63 45.62 45.61 
66.7 66.2 65.7 65.1 
:BATTLOAD 0 13.65  
====

CE9530AE16158040621G46-0NN088WUB00084"
50.0 49.3 48.1 47.5 
-4.43 -5.16 -4.86 -4.41 
1.97 1.96 1.95 1.94 
:BL 12.97  
====

CE95554816158040631G46-0NN088WUB00088"
51.1 50.0 49.7 49.3 
0.59 1.01 0.87 0.92 
0.22 0.22 0.22 0.22 
:BATTLOAD 0 12.89  
====

6A10057616158044024G45-1NN038WUP00083 
 1.34  1.34  1.34  1.34
13.13 13.13 13.13 13.13
 1.75  1.75  1.76  1.76
13.1 
====
