
CE94B44016159150547G44+0NN088WUP00036"
73.2 73.3 73.4 73.7 
:BL 12.65  
====

CE94C2D016159150552G42-0NN088WUB00070"
31.82 31.82 31.82 31.82 
66.9 69.2 71.8 72.7 
:BATTLOAD 0 12.89  
====

CE94D1A616159150557G41+0NN088WUB00070"
45.36 45.36 45.36 45.36 
63.6 64.9 65.5 66.2 
:BATTLOAD 0 13.77  
====

CE9530AE16159150621G46+1NN088WUB00084"
51.6 53.7 55.2 56.7 
-4.73 -5.00 -4.72 -4.18 
0.43 0.43 0.43 0.37 
:BL 12.89  
====

CE95554816159150631G45+0NN088WUP00089"
46.9 48.2 49.5 51.6 
0.96 0.14 0.00 -0.07 
0.14 0.14 0.10 0.06 
:BATTLOAD 0 12.65  
====

6A10057616159154024G46-1NN038WUP00083"
 1.34  1.34  1.34  1.34
12.90 12.98 13.05 13.13
 1.77  1.77  1.77  1.77
13.1 
====

CE94A73616159154942G45+0NN088WUP00231"
78.2 77.3 75.9 76.8 
29.21 29.22 29.22 29.23 
3 7 6 5 
238 201 216 228 
26791 26793 26794 26795 
46 47 50 48 
140.62 152.25 195.36 228.25 
349.36 405.40 454.06 494.26 
21.42 21.43 21.43 21.43 
0.38 
:BATTLOAD 0 13.36  
====

CE52A39C16159155132G44-0NN088WUB00044"
0.49 0.49 0.48 0.49 
:BATTLOAD 0 12.48  
====

3A80016016159155424G49+0NN038WUP00052"
 3.09  3.09  3.08  3.09
12.80 12.88 12.96 12.96 
====

3A80121616159155435G48+0NN038WUP00035 
 1.12
 1.13
 1.13
 1.13 12.5 
====

CE94B44016159160547G45+0NN088WUP00036"
74.0 74.3 74.8 74.9 
:BL 12.71  
====

CE94C2D016159160552G43+0NN088WUP00070"
31.82 31.82 31.82 31.82 
75.6 77.5 79.1 80.1 
:BATTLOAD 0 13.65  
====

CE94D1A616159160557G42+0NN088WUP00070"
45.36 45.36 45.36 45.37 
67.2 68.2 70.0 71.8 
:BATTLOAD 0 13.77  
====

CE9530AE16159160621G43+0NN088WUP00084"
57.8 58.5 58.3 57.5 
-4.99 -4.63 -4.72 -4.70 
0.30 0.30 0.26 0.19 
:BL 14.48  
====

CE95554816159160631G44+0NN088WUB00095"
55.8 56.5 59.7 63.1 
-0.73 -0.78 -0.03 0.15 
-0.00 -0.08 -0.19 -0.22 
:BATTLOAD 0 13.24  
====

6A10057616159164024G46-1NN038WUB00083 
 1.34  1.34  1.34  1.34
13.13 13.29 13.37 13.45
 1.77  1.77  1.77  1.77
13.4 
====

CE94A73616159164942G44+0NN088WUP00231"
79.0 80.9 82.5 81.9 
29.23 29.23 29.23 29.23 
4 3 5 7 
234 222 236 248 
26796 26797 26798 26800 
43 41 37 38 
286.90 303.46 330.93 402.41 
537.06 579.53 626.28 670.40 
21.43 21.43 21.43 21.43 
0.38 
:BATTLOAD 0 13.59  
====

CE52A39C16159165132G44-0NN088WUP00044"
0.49 0.49 0.49 0.48 
:BATTLOAD 0 12.54  
====

3A80016016159165424G49+0NN038WUB00052 
 3.09  3.09  3.09  3.08
13.04 13.11 13.43 13.98 
====

3A80121616159165435G48+0NN038WUP00035 
 1.12
 1.13
 1.14
 1.14 12.5 
====

CE94B44016159170547G45-0NN088WUP00036"
75.5 75.6 75.5 75.5 
:BL 12.77  
====

CE94C2D016159170552G41+0NN088WUB00070"
31.85 31.87 31.88 31.89 
81.3 82.7 84.9 85.8 
:BATTLOAD 0 14.00  
====

CE94D1A616159170557G41+0NN088WUP00070"
45.37 45.37 45.39 45.42 
73.6 75.1 76.1 76.8 
:BATTLOAD 0 13.77  
====

CE9530AE16159170621G45+0NN088WUP00085"
58.2 59.2 60.2 60.8 
-4.25 -4.36 -4.43 -4.34 
0.12 0.06 0.00 -0.01 
:BL 14.00  
====

CE95554816159170631G45+0NN088WUP00096"
64.1 63.3 63.7 64.7 
-0.01 -0.13 -0.32 -0.10 
-0.24 -0.24 -0.24 -0.25 
:BATTLOAD 0 14.18  
====

6A10057616159174024G46-1NN038WUB00083 
 1.34  1.34  1.34  1.34
13.53 13.61 13.76 13.84
 1.77  1.77  1.77  1.77
13.8 
====

CE94A73616159174942G45+0NN088WUB00231"
85.2 84.8 86.1 87.4 
29.23 29.23 29.23 29.23 
3 4 7 7 
253 245 262 272 
26801 26802 26804 26805 
34 34 32 31 
385.56 406.15 455.64 496.49 
709.57 752.00 790.24 823.59 
21.43 21.43 21.44 21.44 
0.38 
:BATTLOAD 0 13.53  
====

CE52A39C16159175132G44-0NN088WUP00044"
0.49 0.49 0.49 0.49 
:BATTLOAD 0 12.71  
====

3A80016016159175424G49-0NN038WUB00052 
 3.08  3.09  3.08  3.08
13.98 13.98 13.59 13.67 
====

3A80121616159175435G47+0NN038WUP00035 
 1.14
 1.13
 1.13
 1.13 12.6 
====

CE94B44016159180547G44+0NN088WUB00036"
75.6 74.3 74.6 75.5 
:BL 12.83  
====

CE94C2D016159180552G42+0NN088WUP00070"
31.91 31.92 31.94 31.96 
86.4 87.9 87.4 88.5 
:BATTLOAD 0 14.06  
====

CE94D1A616159180557G41+0NN088WUB00070"
45.46 45.47 45.52 45.54 
77.0 77.5 77.6 77.6 
:BATTLOAD 0 13.77  
====

CE9530AE16159180621G45+0NN088WUB00088"
60.4 61.2 60.2 61.2 
-4.05 -4.25 -4.05 -4.12 
-0.04 -0.04 -0.07 -0.07 
:BL 13.92  
====

CE95554816159180631G45+0NN088WUB00093"
66.2 67.0 67.1 69.1 
-0.54 0.55 0.40 0.30 
-0.25 -0.25 -0.25 -0.25 
:BATTLOAD 0 13.65  
====

6A10057616159184024G46-1NN038WUB00083 
 1.34  1.34  1.34  1.33
14.00 14.08 14.23 13.84
 1.77  1.76  1.73  1.72
13.8 
====

CE94A73616159184942G45+0NN088WUB00231"
88.2 89.0 91.2 91.0 
29.23 29.23 29.23 29.23 
5 6 6 5 
240 273 256 266 
26807 26808 26809 26811 
30 29 27 27 
449.96 589.70 478.74 533.94 
854.04 884.43 901.99 922.09 
21.44 21.44 21.44 21.45 
0.38 
:BATTLOAD 0 14.12  
====

CE52A39C16159185132G44+0NN088WUP00044"
0.49 0.49 0.49 0.49 
:BATTLOAD 0 13.18  
====

3A80016016159185424G48-0NN038WUP00052 
 3.09  3.07  3.07  3.07
13.59 13.67 13.59 13.59 
====

3A80121616159185435G47+0NN038WUB00035 
 1.12
 1.12
 1.13
 1.13 12.7 
====

CE94B44016159190547G44+0NN088WUP00036"
76.0 76.8 76.8 77.2 
:BL 12.89  
====

CE94C2D016159190552G41+0NN088WUP00070"
31.97 31.99 32.00 32.01 
89.5 90.1 89.9 89.5 
:BATTLOAD 0 13.65  
====

CE94D1A616159190557G40-0NN088WUB00070"
45.54 45.55 45.57 45.60 
78.4 78.1 78.2 78.6 
:BATTLOAD 0 13.71  
====

CE9530AE16159190621G45+0NN088WUP00088"
61.5 62.0 62.1 62.5 
-4.06 -4.38 -3.97 -4.13 
-0.07 -0.07 -0.07 -0.07 
:BL 13.92  
====

CE95554816159190631G45+0NN088WUB00092"
69.2 69.6 69.8 69.8 
0.40 0.15 1.11 0.62 
-0.25 -0.25 -0.25 -0.25 
:BATTLOAD 0 13.77  
====

6A10057616159194024G46-1NN038WUP00083 
 1.33  1.33  1.33  1.33
13.68 13.61 13.76 13.68
 1.71  1.70  1.69  1.70
13.6 
====

CE94A73616159194942G45+0NN088WUP00231"
90.7 91.1 92.8 94.1 
29.22 29.22 29.22 29.22 
7 8 8 9 
245 259 289 261 
26812 26814 26816 26818 
27 27 26 24 
553.98 545.36 572.20 640.22 
941.47 952.83 963.30 967.44 
21.45 21.45 21.45 21.45 
0.38 
:BATTLOAD 0 13.71  
====

CE52A39C16159195132G44+0NN088WUP00044"
0.49 0.49 0.49 0.50 
:BATTLOAD 0 13.18  
====

3A80016016159195424G48-0NN038WUB00052 
 3.07  3.07  3.08  3.07
13.59 13.74 13.59 13.74 
====

3A80121616159195435G47-0NN038WUB00035"
 1.12
 1.13
 1.12
 1.12 12.9 
====

CE94B44016159200547G44+0NN088WUP00036"
77.5 78.2 77.7 78.7 
:BL 13.30  
====

CE94C2D016159200552G43+0NN088WUB00070"
32.02 32.03 32.04 32.05 
89.2 89.9 90.7 90.2 
:BATTLOAD 0 13.71  
====

CE94D1A616159200557G40+0NN088WUP00070"
45.61 45.61 45.61 45.61 
78.8 79.2 79.0 79.1 
:BATTLOAD 0 13.65  
====

CE9530AE16159200621G45+0NN088WUB00088"
61.9 62.6 62.1 62.2 
-3.94 -4.00 -4.10 -4.11 
-0.07 -0.07 -0.07 -0.07 
:BL 14.00  
====

CE95554816159200631G45-0NN088WUP00093"
68.8 70.8 70.0 70.8 
0.00 -0.11 0.52 0.97 
-0.26 -0.26 -0.26 -0.26 
:BATTLOAD 0 13.71  
====

6A10057616159204024G45-1NN038WUP00083 
 1.33  1.33  1.33  1.33
13.61 14.31 13.92 13.61
 1.70  1.74  1.75  1.75
13.6 
====

CE94A73616159204942G45+0NN088WUB00231"
94.2 93.6 95.1 97.2 
29.22 29.22 29.21 29.21 
6 9 8 8 
274 266 246 287 
26820 26822 26824 26826 
24 25 23 20 
578.18 588.40 604.26 544.84 
973.87 979.78 983.82 977.05 
21.46 21.46 21.46 21.46 
0.38 
:BATTLOAD 0 13.59  
====

CE52A39C16159205132G44+0NN088WUP00044"
0.49 0.49 0.49 0.49 
:BATTLOAD 0 13.18  
====

3A80016016159205424G48-0NN038WUB00052 
 3.07  3.08  3.08  3.06
13.59 13.90 13.59 14.06 
====

3A80121616159205435G47+0NN038WUP00035 
 1.12
 1.12
 1.11
 1.11 13.9 
====

CE94B44016159210547G43+0NN088WUB00036"
79.7 79.4 79.1 79.6 
:BL 13.53  
====

CE94C2D016159210552G42+0NN088WUB00070"
32.05 32.06 32.07 32.08 
90.5 90.4 91.5 92.0 
:BATTLOAD 0 14.41  
====

CE94D1A616159210557G40+0NN088WUB00070"
45.62 45.62 45.62 45.63 
80.1 79.8 79.8 79.1 
:BATTLOAD 0 13.65  
====

CE9530AE16159210621G45-0NN088WUP00088"
62.9 62.1 62.7 63.1 
-4.63 -4.32 -4.35 -3.97 
-0.07 -0.07 -0.07 -0.07 
:BL 14.00  
====

CE95554816159210631G45+0NN088WUB00093"
70.0 70.3 70.0 71.0 
0.60 0.80 1.11 -0.26 
-0.26 -0.26 -0.26 -0.26 
:BATTLOAD 0 13.83  
====

6A10057616159214024G46-1NN038WUP00083 
 1.33  1.33  1.33  1.33
13.76 14.16 13.61 13.61
 1.74  1.74  1.74  1.74
13.6 
====

CE94A73616159214942G45+0NN088WUB00234"
96.8 98.2 99.0 98.6 
29.20 29.20 29.19 29.19 
8 10 12 10 
257 283 257 286 
26828 26831 26834 26836 
19 15 15 14 
562.64 567.26 449.45 522.24 
974.03 967.61 948.97 930.59 
21.46 21.46 21.47 21.47 
0.38 
:BATTLOAD 0 14.12  
====

CE52A39C16159215132G44+0NN088WUB00044"
0.49 0.49 0.50 0.49 
:BATTLOAD 0 13.24  
====

3A80016016159215424G47-0NN038WUP00052 
 3.06  3.06  3.06  3.06
13.59 13.67 13.59 13.98 
====

3A80121616159215435G47+0NN038WUP00035"
 1.11
 1.11
 1.10
 1.10 13.3 
====

CE94B44016159220547G44+0NN088WUB00036"
80.0 80.1 80.0 79.7 
:BL 13.71  
====

CE94C2D016159220552G42+0NN088WUP00070"
32.09 32.10 32.11 32.11 
91.3 91.7 92.7 92.4 
:BATTLOAD 0 14.18  
====

CE94D1A616159220557G40-0NN088WUB00070"
45.64 45.64 45.65 45.65 
79.8 79.8 79.5 78.7 
:BATTLOAD 0 13.59  
====

CE9530AE16159220621G45+0NN088WUP00088"
62.7 62.9 62.3 63.4 
-4.32 -4.04 -3.80 -4.37 
-0.07 -0.07 -0.07 -0.07 
:BL 14.24  
====

CE95554816159220631G45+0NN088WUP00092"
70.9 70.5 72.1 70.7 
0.42 0.33 0.19 0.48 
-0.26 -0.26 -0.26 -0.26 
:BATTLOAD 0 13.71  
====

6A10057616159224024G45-1NN038WUP00083 
 1.33  1.33  1.33  1.34
13.68 13.84 14.08 14.08
 1.74  1.75  1.76  1.75
14.1 
====

CE94A73616159224942G45+0NN088WUB00233"
99.6 97.9 99.1 98.2 
29.19 29.19 29.19 29.18 
9 11 7 13 
285 262 266 263 
26839 26841 26843 26846 
16 19 18 19 
484.43 466.48 454.83 419.95 
904.57 883.25 848.70 818.23 
21.47 21.47 21.47 21.47 
0.38 
:BATTLOAD 0 13.59  
====

CE52A39C16159225132G44+0NN088WUP00044"
0.48 0.49 0.49 0.49 
:BATTLOAD 0 13.12  
====

3A80016016159225424G47-0NN038WUP00052 
 3.06  3.05  3.06  3.06
13.59 14.06 13.98 13.90 
====

3A80121616159225435G48-0NN038WUP00035 
 1.10
 1.09
 1.08
 1.08 13.8 
====

CE94B44016159230547G44-0NN088WUB00036"
79.7 80.6 80.9 81.7 
:BL 13.94  
====

CE94C2D016159230552G41+0NN088WUP00070"
32.12 32.13 32.14 32.14 
92.8 92.3 94.0 93.9 
:BATTLOAD 0 13.94  
====

CE94D1A616159230557G41+0NN088WUB00070"
45.65 45.65 45.65 45.65 
79.1 79.1 79.2 78.9 
:BATTLOAD 0 13.59  
====

CE9530AE16159230621G45+0NN088WUB00088"
62.4 62.2 62.4 61.8 
-4.42 -3.68 -4.21 -4.32 
-0.07 -0.07 -0.07 -0.06 
:BL 13.76  
====

CE95554816159230631G46-0NN088WUP00092"
71.2 70.3 69.1 67.4 
0.55 0.53 0.23 0.51 
-0.26 -0.26 -0.26 -0.26 
:BATTLOAD 0 13.48  
====

6A10057616159234024G45-1NN038WUP00083 
 1.33  1.33  1.33  1.33
14.08 14.00 14.00 14.00
 1.75  1.75  1.75  1.74
14.0 
====

CE94A73616159234942G45+0NN088WUB00236"
99.8 100.5 100.6 100.6 
29.18 29.18 29.17 29.17 
12 8 9 10 
292 278 300 280 
26849 26851 26853 26856 
16 15 13 13 
435.20 363.12 408.63 322.97 
770.24 720.30 711.33 665.18 
21.47 21.47 21.47 21.47 
0.38 
:BATTLOAD 0 13.83  
====

CE52A39C16159235132G44+0NN088WUP00044"
0.49 0.49 0.48 0.49 
:BATTLOAD 0 13.18  
====

3A80016016159235424G47-0NN038WUP00052 
 3.05  3.05  3.05  3.05
13.74 13.74 13.59 13.43 
====

3A80121616159235435G48-0NN038WUB00035 
 1.07
 1.07
 1.07
 1.06 12.9 
====

CE94B44016160000547G44+0NN088WUP00036"
81.5 82.1 82.0 81.8 
:BL 13.77  
====

CE94C2D016160000552G42-0NN088WUB00070"
32.15 32.15 32.16 32.16 
93.6 94.2 94.6 93.4 
:BATTLOAD 0 13.53  
====

CE94D1A616160000557G40+0NN088WUP00070"
45.65 45.65 45.65 45.65 
78.7 78.5 78.5 78.2 
:BATTLOAD 0 13.53  
====

CE9530AE16160000621G46-0NN088WUB00088"
61.7 60.8 61.3 61.3 
-3.89 -4.05 -4.18 -4.02 
-0.06 -0.06 -0.05 -0.03 
:BL 14.24  
====

CE95554816160000631G46-0NN088WUB00092"
66.8 66.5 65.7 64.2 
0.67 0.27 0.18 0.96 
-0.26 -0.26 -0.26 -0.24 
:BATTLOAD 0 13.00  
====

6A10057616160004024G45-1NN038WUP00083 
 1.33  1.33  1.33  1.33
13.84 13.84 13.76 13.68
 1.73  1.74  1.75  1.76
13.7 
====

CE94A73616160004942G44+0NN088WUB00234"
99.8 100.1 97.9 99.6 
29.17 29.17 29.17 29.17 
13 8 10 8 
301 276 273 257 
26859 26861 26864 26866 
13 13 14 12 
317.52 257.33 163.55 193.17 
621.90 561.90 442.25 497.50 
21.47 21.47 21.47 21.47 
0.36 
:BATTLOAD 0 13.59  
====

CE52A39C16160005132G44-0NN088WUP00044"
0.48 0.48 0.48 0.48 
:BATTLOAD 0 13.24  
====

3A80016016160005424G47-0NN038WUP00052 
 3.04  3.05  3.05  3.05
13.27 13.27 13.19 13.11 
====

3A80121616160005435G48-0NN038WUP00035 
 1.06
 1.05
 1.05
 1.05 12.8 
====

CE94B44016160010547G44+0NN088WUP00036"
80.8 80.6 80.4 80.0 
:BL 13.88  
====

CE94C2D016160010552G42-0NN088WUP00070"
32.16 32.16 32.16 32.16 
93.0 92.8 91.9 91.1 
:BATTLOAD 0 13.30  
====

CE94D1A616160010557G41+0NN088WUP00070"
45.65 45.65 45.65 45.65 
78.3 77.9 77.7 76.4 
:BATTLOAD 0 13.59  
====

CE9530AE16160010621G46+0NN088WUP00088"
61.2 61.2 61.1 62.1 
-4.07 -3.93 -3.95 -3.81 
-0.03 -0.03 -0.01 -0.01 
:BL 14.08  
====

CE95554816160010631G45-0NN088WUP00090"
64.4 64.0 63.0 62.2 
0.58 -0.02 0.49 0.77 
-0.05 0.13 0.22 0.24 
:BATTLOAD 0 13.00  
====

6A10057616160014024G45-1NN038WUP00083 
 1.33  1.33  1.33  1.33
13.68 13.61 13.61 13.53
 1.76  1.76  1.76  1.76
13.5 
====

CE94A73616160014942G45+0NN088WUP00231"
99.1 98.8 97.5 96.4 
29.16 29.16 29.17 29.17 
11 6 9 12 
280 284 285 305 
26868 26870 26872 26875 
12 13 13 15 
151.81 119.16 74.35 43.68 
404.30 368.74 314.46 260.85 
21.47 21.47 21.47 21.47 
0.36 
:BATTLOAD 0 13.36  
====

CE52A39C16160015132G44-0NN088WUP00044"
0.48 0.47 0.48 0.47 
:BATTLOAD 0 13.12  
====

3A80016016160015424G47-0NN038WUB00052 
 3.04  3.04  3.04  3.05
13.04 13.04 13.04 13.04 
====

3A80121616160015435G48-0NN038WUP00035 
 1.05
 1.05
 1.04
 1.03 12.7 
====

CE94B44016160020547G42+0NN088WUB00036"
79.4 79.2 78.1 77.7 
:BL 13.88  
====

CE94C2D016160020552G41-0NN088WUP00070"
32.16 32.17 32.17 32.17 
91.3 90.7 90.3 88.9 
:BATTLOAD 0 13.00  
====

CE94D1A616160020557G41+0NN088WUB00070"
45.64 45.64 45.64 45.64 
75.9 74.6 73.5 72.3 
:BATTLOAD 0 13.53  
====

CE9530AE16160020621G46-0NN088WUB00085"
61.4 61.6 59.9 59.8 
-3.94 -3.87 -4.00 -4.43 
-0.00 0.00 0.03 0.03 
:BL 14.16  
====

CE95554816160020631G46-0NN088WUB00088"
61.6 61.1 60.1 59.5 
0.77 0.72 0.98 0.75 
0.24 0.23 0.23 0.23 
:BATTLOAD 0 12.95  
====

6A10057616160024024G45-1NN038WUB00083 
 1.33  1.33  1.33  1.33
13.45 13.37 13.37 13.29
 1.77  1.76  1.76  1.77
13.3 
====

CE94A73616160024942G45+0NN088WUB00229"
95.6 94.7 92.8 91.4 
29.17 29.18 29.18 29.18 
2 9 11 9 
296 289 292 297 
26876 26878 26880 26883 
15 17 21 24 
12.16 -17.19 -47.89 -63.59 
205.18 154.62 99.10 64.76 
21.47 21.47 21.47 21.46 
0.36 
:BATTLOAD 0 13.00  
====

CE52A39C16160025132G44-0NN088WUP00044"
0.48 0.47 0.47 0.47 
:BATTLOAD 0 12.77  
====

3A80016016160025424G47-0NN038WUP00052 
 3.05  3.04  3.05  3.05
12.96 12.96 12.96 12.96 
====

3A80121616160025435G48-0NN038WUP00035"
 1.03
 1.03
 1.03
 1.03 12.7 
====

CE94B44016160030547G44+0NN088WUB00036"
76.8 75.9 75.2 74.2 
:BL 14.00  
====

CE94C2D016160030552G42+0NN088WUB00070"
32.17 32.17 32.16 32.16 
87.5 86.2 85.4 83.9 
:BATTLOAD 0 13.00  
====

CE94D1A616160030557G41+0NN088WUB00070"
45.64 45.64 45.64 45.64 
71.1 69.9 69.6 69.0 
:BATTLOAD 0 13.59  
====

CE9530AE16160030621G46+0NN088WUB00084"
59.5 56.4 54.8 54.4 
-4.97 -4.82 -4.48 -4.52 
0.09 0.10 0.10 0.10 
:BL 13.44  
====

CE95554816160030631G46-0NN088WUB00088"
58.0 57.0 56.3 55.5 
0.70 0.88 0.54 0.78 
0.23 0.23 0.23 0.23 
:BATTLOAD 0 12.89  
====

6A10057616160034024G45-1NN038WUP00083 
 1.33  1.33  1.33  1.33
13.21 13.21 13.21 13.13
 1.76  1.76  1.77  1.77
13.1 
====

CE94A73616160034942G45+0NN088WUB00226"
89.9 88.3 86.8 85.7 
29.19 29.19 29.19 29.19 
5 5 6 5 
303 302 310 340 
26884 26885 26887 26888 
26 27 29 32 
-93.44 -96.35 -98.64 -92.99 
11.05 1.70 -3.27 -4.35 
21.46 21.46 21.46 21.46 
0.36 
:BATTLOAD 0 12.89  
====

CE52A39C16160035132G44-0NN088WUP00044"
0.47 0.47 0.47 0.47 
:BATTLOAD 0 12.71  
====

3A80016016160035424G47+0NN038WUB00052 
 3.05  3.05  3.05  3.05
12.96 12.96 12.88 12.88 
====

3A80121616160035435G48-0NN038WUP00035 
 1.02
 1.02
 1.03
 1.02 12.7 
====

CE94B44016160040547G44+0NN088WUB00036"
73.1 73.1 72.8 72.7 
:BL 13.07  
====

CE94C2D016160040552G42-0NN088WUP00070"
32.16 32.16 32.15 32.15 
81.2 78.2 75.4 72.8 
:BATTLOAD 0 12.95  
====

CE94D1A616160040557G41+0NN088WUP00070"
45.63 45.63 45.63 45.62 
68.2 67.3 67.1 66.7 
:BATTLOAD 0 13.65  
====

CE9530AE16160040621G46-0NN088WUB00084"
54.0 53.3 53.1 53.2 
-4.48 -4.13 -4.21 -4.59 
0.10 0.10 0.09 0.09 
:BL 12.97  
====

CE95554816160040631G46-0NN088WUB00088"
54.6 54.1 53.3 53.2 
0.74 0.45 0.76 0.37 
0.23 0.23 0.23 0.23 
:BATTLOAD 0 12.83  
====

6A10057616160044024G45-1NN038WUB00083 
 1.33  1.33  1.33  1.33
13.13 13.13 13.13 13.13
 1.77  1.77  1.77  1.77
13.1 
====

CE94A73616160044942G46+0NN088WUB00227"
84.4 83.5 83.3 80.8 
29.20 29.20 29.20 29.21 
4 2 1 3 
348 336 330 249 
26889 26889 26890 26890 
34 35 36 40 
-91.34 -91.03 -87.93 -86.37 
-4.89 -4.75 -4.95 -4.16 
21.45 21.45 21.45 21.45 
0.36 
:BATTLOAD 0 12.89  
====

CE52A39C16160045132G44-0NN088WUP00044"
0.47 0.47 0.47 0.47 
:BATTLOAD 0 12.71  
====

3A80016016160045424G48+0NN038WUP00052 
 3.05  3.05  3.05  3.04
12.88 12.96 12.88 12.88 
====

3A80121616160045435G49-0NN038WUP00035 
 1.02
 1.03
 1.02
 1.02 12.6 
====

CE94B44016160050547G44+0NN088WUB00036"
72.7 73.0 73.7 74.2 
:BL 12.83  
====

CE94C2D016160050552G42+0NN088WUB00070"
32.14 32.13 32.12 32.11 
71.6 70.4 71.0 68.6 
:BATTLOAD 0 12.89  
====

CE94D1A616160050557G41-0NN088WUP00070"
45.62 45.61 45.60 45.55 
66.2 65.8 65.5 65.1 
:BATTLOAD 0 13.65  
====

CE9530AE16160050621G46-0NN088WUP00084"
52.7 52.9 52.7 52.2 
-4.80 -4.95 -4.83 -5.14 
0.09 0.09 0.09 0.09 
:BL 12.89  
====

CE95554816160050631G46-0NN088WUB00088"
53.2 53.3 53.3 53.2 
0.37 0.64 0.57 0.54 
0.23 0.22 0.22 0.22 
:BATTLOAD 0 12.83  
====

6A10057616160054024G45-1NN038WUB00083 
 1.33  1.33  1.33  1.33
13.05 13.05 13.05 13.05
 1.76  1.75  1.75  1.76
13.1 
====

CE94A73616160054942G45-0NN088WUP00227"
80.9 80.6 79.9 78.7 
29.21 29.21 29.22 29.22 
5 5 6 2 
303 323 305 346 
26892 26893 26894 26895 
41 41 41 43 
-92.24 -87.49 -89.09 -82.05 
-4.21 -4.77 -4.15 -4.20 
21.45 21.45 21.44 21.44 
0.36 
:BATTLOAD 0 12.89  
====

CE52A39C16160055132G44+0NN088WUP00044"
0.47 0.47 0.47 0.47 
:BATTLOAD 0 12.65  
====

3A80016016160055424G47+0NN038WUP00052 
 3.05  3.04  3.06  3.06
12.88 12.88 12.88 12.88 
====

3A80121616160055435G49-0NN038WUP00035 
 1.02
 1.03
 1.02
 1.03 12.6 
====

CE94B44016160060547G44-0NN088WUB00036"
73.9 73.4 73.5 73.9 
:BL 12.77  
====

CE94C2D016160060552G41+0NN088WUB00070"
32.10 32.09 32.08 32.07 
68.6 67.0 66.6 66.1 
:BATTLOAD 0 12.89  
====

CE94D1A616160060557G41-0NN088WUP00070"
45.55 45.51 45.51 45.51 
64.9 64.8 64.8 65.0 
:BATTLOAD 0 13.71  
====

CE9530AE16160060621G46-0NN088WUP00084"
52.6 52.4 52.7 52.7 
-4.82 -4.75 -4.94 -4.64 
0.09 0.09 0.09 0.09 
:BL 12.81  
====

CE95554816160060631G46-0NN088WUP00088"
53.5 53.0 52.8 52.8 
0.50 0.61 0.40 0.65 
0.22 0.22 0.22 0.21 
:BATTLOAD 0 12.77  
====

6A10057616160064024G46-1NN038WUB00083 
 1.33  1.33  1.33  1.33
13.05 13.05 13.05 13.05
 1.76  1.76  1.75  1.75
13.1 
====

CE94A73616160064942G45-0NN088WUP00227"
78.6 78.2 76.7 76.2 
29.22 29.22 29.22 29.23 
2 4 1 4 
275 307 309 296 
26895 26896 26897 26898 
42 42 44 45 
-82.39 -84.41 -79.13 -83.91 
-4.47 -4.19 -4.68 -4.49 
21.44 21.44 21.44 21.44 
0.36 
:BATTLOAD 0 12.83  
====

CE52A39C16160065132G44-0NN088WUP00044"
0.46 0.47 0.47 0.47 
:BATTLOAD 0 12.65  
====

3A80016016160065424G48+0NN038WUP00052 
 3.06  3.07  3.06  3.04
12.88 12.88 12.88 12.88 
====

3A80121616160065435G49+0NN038WUP00035 
 1.03
 1.03
 1.03
 1.03 12.6 
====

CE94B44016160070547G44-0NN088WUB00036"
73.8 73.9 73.7 73.8 
:BL 12.77  
====

CE94C2D016160070552G42+0NN088WUB00070"
32.06 32.05 32.04 32.03 
64.8 63.7 63.4 63.0 
:BATTLOAD 0 12.89  
====

CE94D1A616160070557G41-0NN088WUB00070"
45.51 45.50 45.50 45.50 
65.0 64.9 65.0 65.0 
:BATTLOAD 0 13.71  
====

CE9530AE16160070621G46-0NN088WUP00084"
53.2 52.8 52.4 52.7 
-5.14 -4.74 -4.72 -6.21 
0.09 0.09 0.09 0.09 
:BL 12.81  
====

CE95554816160070631G46+0NN088WUB00088"
52.7 52.7 52.5 51.8 
0.68 0.52 0.70 0.60 
0.21 0.21 0.21 0.21 
:BATTLOAD 0 12.77  
====

6A10057616160074024G45-1NN038WUP00083 
 1.33  1.33  1.33  1.33
12.98 12.98 12.98 12.98
 1.76  1.76  1.76  1.76
13.0 
====

CE94A73616160074942G45-0NN088WUP00227"
74.5 73.7 72.4 71.7 
29.23 29.23 29.23 29.23 
3 3 4 4 
291 296 272 269 
26898 26899 26900 26901 
48 49 51 52 
-84.56 -83.74 -84.28 -81.04 
-4.05 -4.30 -4.02 -3.87 
21.44 21.43 21.43 21.43 
0.36 
:BATTLOAD 0 12.83  
====

CE52A39C16160075132G44-0NN088WUP00044"
0.47 0.47 0.47 0.47 
:BATTLOAD 0 12.60  
====

3A80016016160075424G48+0NN038WUP00052 
 3.05  3.05  3.05  3.06
12.88 12.88 12.88 12.80 
====

3A80121616160075435G49+0NN038WUP00035 
 1.03
 1.03
 1.03
 1.03 12.6 
====

CE94B44016160080547G45-0NN088WUB00036"
73.8 73.5 73.3 72.9 
:BL 12.71  
====

CE94C2D016160080552G41-0NN088WUB00070"
32.02 32.01 32.00 31.99 
62.2 62.4 61.6 61.6 
:BATTLOAD 0 12.83  
====

CE94D1A616160080557G41-0NN088WUB00070"
45.50 45.50 45.50 45.50 
64.7 64.9 64.9 64.8 
:BATTLOAD 0 13.71  
====

CE9530AE16160080621G46-0NN088WUB00088"
52.2 52.6 52.6 52.7 
161.50 161.50 161.50 161.50 
0.09 0.09 0.09 0.09 
:BL 12.73  
====

CE95554816160080631G46-0NN088WUP00088"
51.5 51.6 51.3 51.5 
0.43 0.37 0.22 0.30 
0.21 0.21 0.20 0.20 
:BATTLOAD 0 12.71  
====

6A10057616160084024G46-1NN038WUP00083 
 1.33  1.33  1.33  1.33
12.98 12.98 12.98 12.98
 1.76  1.76  1.76  1.76
13.0 
====

CE94A73616160084942G45-0NN088WUP00225"
71.1 71.4 71.0 71.5 
29.23 29.23 29.23 29.24 
2 4 2 2 
4 301 342 318 
26902 26903 26903 26904 
53 53 53 51 
-81.56 -81.99 -78.40 -79.92 
-3.57 -4.25 -3.95 -4.02 
21.43 21.43 21.43 21.43 
0.36 
:BATTLOAD 0 12.83  
====

CE52A39C16160085132G44+0NN088WUP00044"
0.47 0.47 0.47 0.47 
:BATTLOAD 0 12.60  
====

3A80016016160085424G48+0NN038WUB00052 
 3.04  3.05  3.05  3.06
12.80 12.80 12.80 12.80 
====

3A80121616160085435G49+0NN038WUB00035"
 1.04
 1.03
 1.04
 1.04 12.5 
====

CE94B44016160090547G44-0NN088WUP00036"
72.8 73.1 72.7 73.1 
:BL 12.71  
====

CE94C2D016160090552G41-0NN088WUP00070"
31.98 31.97 31.96 31.95 
61.3 61.3 60.0 59.6 
:BATTLOAD 0 12.83  
====

CE94D1A616160090557G41-0NN088WUP00070"
45.50 45.43 45.43 45.43 
64.6 64.6 63.9 64.1 
:BATTLOAD 0 13.71  
====

CE9530AE16160090621G46-0NN088WUP00088"
52.7 52.6 52.6 52.5 
161.50 161.50 161.50 161.50 
0.09 0.09 0.09 0.09 
:BL 12.73  
====

CE95554816160090631G46-0NN088WUP00088"
51.4 51.2 51.0 50.7 
0.51 0.50 0.69 0.96 
0.20 0.20 0.20 0.20 
:BATTLOAD 0 12.71  
====

6A10057616160094024G46-1NN038WUP00083 
 1.33  1.33  1.33  1.33
12.98 12.98 12.98 12.98
 1.76  1.76  1.76  1.76
13.0 
====

CE94A73616160094942G46-0NN088WUP00227"
70.7 69.0 68.3 68.1 
29.23 29.23 29.24 29.23 
3 2 3 4 
329 248 294 287 
26905 26905 26906 26907 
53 57 58 59 
-79.00 -74.38 -79.94 -79.59 
-3.94 -4.73 -3.96 -3.90 
21.43 21.43 21.43 21.43 
0.36 
:BATTLOAD 0 12.77  
====

CE52A39C16160095132G45+0NN088WUB00044"
0.47 0.47 0.47 0.47 
:BATTLOAD 0 12.60  
====

3A80016016160095424G48+0NN038WUP00052 
 3.05  3.06  3.06  3.06
12.80 12.80 12.80 12.80 
====

3A80121616160095435G49+0NN038WUP00035 
 1.05
 1.05
 1.05
 1.05 12.5 
====

CE94B44016160100547G44-0NN088WUP00036"
73.3 73.3 72.9 72.7 
:BL 12.71  
====

CE94C2D016160100552G41-0NN088WUB00070"
31.94 31.93 31.92 31.91 
60.1 59.3 59.0 58.7 
:BATTLOAD 0 12.77  
====

CE94D1A616160100557G41-0NN088WUP00070"
45.43 45.43 45.43 45.43 
64.0 64.0 64.1 63.4 
:BATTLOAD 0 13.77  
====

CE9530AE16160100621G46-0NN088WUB00085"
52.6 53.0 53.0 53.2 
161.50 -6.13 -6.47 -5.98 
0.09 0.09 0.09 0.09 
:BL 12.73  
====

CE95554816160100631G46+0NN088WUB00088"
50.8 50.8 50.5 50.2 
0.58 0.65 0.87 0.49 
0.20 0.20 0.20 0.20 
:BATTLOAD 0 12.65  
====

6A10057616160104024G46-1NN038WUP00083 
 1.33  1.33  1.33  1.33
12.90 12.90 12.90 12.90
 1.76  1.76  1.76  1.76
12.9 
====

CE94A73616160104942G46-0NN088WUP00227"
68.0 67.2 66.8 65.6 
29.23 29.23 29.24 29.23 
4 4 3 2 
304 291 311 355 
26908 26909 26910 26910 
59 61 61 63 
-80.94 -83.40 -78.98 -73.55 
-3.80 -3.99 -3.61 -4.11 
21.43 21.43 21.43 21.43 
0.36 
:BATTLOAD 0 12.77  
====

CE52A39C16160105132G45+0NN088WUP00044"
0.47 0.47 0.47 0.46 
:BATTLOAD 0 12.54  
====

3A80016016160105424G48+0NN038WUB00052 
 3.06  3.06  3.05  3.07
12.80 12.80 12.80 12.80 
====

3A80121616160105435G48+0NN038WUP00035 
 1.05
 1.05
 1.06
 1.06 12.5 
====

CE94B44016160110547G44-0NN088WUB00036"
72.3 72.1 72.8 73.0 
:BL 12.65  
====

CE94C2D016160110552G42-0NN088WUP00070"
31.90 31.89 31.89 31.88 
58.4 58.1 58.1 58.0 
:BATTLOAD 0 12.77  
====

CE94D1A616160110557G40+0NN088WUB00070"
45.43 45.43 45.43 45.42 
63.9 63.8 63.6 63.5 
:BATTLOAD 0 13.71  
====

CE9530AE16160110621G46-0NN088WUB00084"
53.4 52.9 52.9 53.3 
-5.53 -5.45 -4.86 -4.57 
0.09 0.09 0.09 0.09 
:BL 12.65  
====

CE95554816160110631G46+0NN088WUP00088"
50.1 49.9 49.8 49.3 
0.77 0.63 0.69 0.63 
0.20 0.20 0.20 0.20 
:BATTLOAD 0 12.65  
====

6A10057616160114024G46-1NN038WUP00083 
 1.33  1.33  1.33  1.33
12.90 12.90 12.90 12.90
 1.76  1.76  1.75  1.75
12.9 
====

CE94A73616160114942G46-0NN088WUB00227"
65.9 65.4 64.6 62.6 
29.23 29.24 29.23 29.23 
2 3 2 3 
310 286 274 280 
26911 26911 26912 26913 
63 63 64 69 
-75.73 -76.04 -77.50 -73.03 
-3.82 -3.56 -3.65 -3.45 
21.43 21.42 21.42 21.42 
0.36 
:BATTLOAD 0 12.77  
====

CE52A39C16160115132G45+0NN088WUP00044"
0.47 0.47 0.47 0.47 
:BATTLOAD 0 12.54  
====

3A80016016160115424G48+0NN038WUB00052 
 3.06  3.06  3.06  3.05
12.80 12.80 12.72 12.80 
====

3A80121616160115435G48+0NN038WUB00035 
 1.06
 1.06
 1.07
 1.06 12.5 
====

CE94B44016160120547G44-0NN088WUP00036"
72.9 72.7 72.5 71.7 
:BL 12.65  
====

CE94C2D016160120552G42-0NN088WUP00070"
31.87 31.86 31.86 31.85 
57.7 57.2 57.1 56.7 
:BATTLOAD 0 12.71  
====

CE94D1A616160120557G40+0NN088WUB00070"
45.42 45.42 45.42 45.42 
63.4 63.3 63.1 62.6 
:BATTLOAD 0 13.71  
====

CE9530AE16160120621G46-0NN088WUP00084"
53.5 53.4 53.5 53.6 
-4.31 -4.48 -4.55 -4.39 
0.09 0.09 0.09 0.09 
:BL 12.65  
====

CE95554816160120631G46+0NN088WUB00088"
49.1 49.5 49.7 50.4 
0.57 0.69 0.50 0.44 
0.20 0.20 0.20 0.20 
:BATTLOAD 0 12.65  
====

6A10057616160124024G46-1NN038WUP00083 
 1.33  1.33  1.33  1.33
12.90 12.90 12.90 12.90
 1.75  1.75  1.76  1.75
12.9 
====

CE94A73616160124942G45-0NN088WUB00225"
63.8 62.8 63.1 62.8 
29.23 29.24 29.24 29.24 
3 1 3 3 
298 21 328 298 
26914 26914 26914 26915 
68 69 68 66 
-72.88 -70.86 -70.79 -69.53 
-3.28 -4.14 -2.01 3.60 
21.42 21.42 21.42 21.42 
0.36 
:BATTLOAD 0 12.71  
====

CE52A39C16160125132G45+0NN088WUP00044"
0.47 0.47 0.47 0.47 
:BATTLOAD 0 12.54  
====

3A80016016160125424G48+0NN038WUP00052 
 3.06  3.06  3.05  3.07
12.72 12.72 12.72 12.72 
====

3A80121616160125435G48+0NN038WUP00035 
 1.07
 1.06
 1.07
 1.07 12.5 
====

CE94B44016160130547G44-0NN088WUB00036"
71.2 71.1 70.9 71.4 
:BL 12.65  
====

CE94C2D016160130552G42+0NN088WUB00070"
31.84 31.84 31.83 31.83 
56.3 56.5 55.8 55.7 
:BATTLOAD 0 12.71  
====

CE94D1A616160130557G40+0NN088WUB00070"
45.42 45.42 45.42 45.42 
63.1 63.0 62.8 62.9 
:BATTLOAD 0 13.71  
====

CE9530AE16160130621G46+0NN088WUB00084"
53.2 53.1 53.2 53.9 
-4.37 -4.39 -4.51 -4.45 
0.09 0.09 0.09 0.09 
:BL 12.65  
====

CE95554816160130631G46+0NN088WUB00088"
50.5 49.9 49.4 49.2 
0.51 0.50 0.72 0.78 
0.20 0.20 0.20 0.20 
:BATTLOAD 0 12.65  
====

6A10057616160134024G46-1NN038WUB00083 
 1.33  1.33  1.33  1.33
12.82 12.90 12.90 12.90
 1.75  1.76  1.75  1.75
12.9 
====

CE94A73616160134942G45+0NN088WUB00227"
62.8 62.2 62.1 63.8 
29.24 29.25 29.25 29.25 
4 0 3 2 
304 184 262 290 
26916 26916 26917 26917 
69 69 71 67 
-68.05 -47.19 -7.03 21.08 
14.80 39.98 106.08 160.50 
21.42 21.42 21.42 21.42 
0.36 
:BATTLOAD 0 12.71  
====

CE52A39C16160135132G45+0NN088WUB00044"
0.47 0.47 0.47 0.47 
:BATTLOAD 0 12.48  
====

3A80016016160135424G49+1NN038WUP00052 
 3.06  3.07  3.06  3.06
12.72 12.72 12.72 12.72 
====

3A80121616160135435G48+0NN038WUB00035 
 1.08
 1.07
 1.07
 1.07 12.5 
====

CE94B44016160140547G44+0NN088WUP00036"
72.1 71.9 71.5 71.7 
:BL 12.65  
====

CE94C2D016160140552G41-0NN088WUP00070"
31.82 31.82 31.82 31.82 
55.9 57.3 58.9 62.5 
:BATTLOAD 0 12.71  
====

CE94D1A616160140557G41+0NN088WUB00070"
45.42 45.42 45.42 45.42 
62.8 62.8 62.9 63.3 
:BATTLOAD 0 13.77  
====

CE9530AE16160140621G46-0NN088WUB00085"
54.0 54.4 54.5 54.7 
147.88 -4.51 -4.60 -4.58 
0.09 0.09 0.09 0.09 
:BL 12.65  
====

CE95554816160140631G45-0NN088WUB00088"
49.5 49.5 49.7 49.6 
0.85 0.51 0.78 0.68 
0.20 0.20 0.20 0.20 
:BATTLOAD 0 12.65  
====

6A10057616160144024G46-1NN038WUB00083 
 1.33  1.33  1.33  1.33
12.90 12.90 12.98 12.98
 1.75  1.75  1.76  1.75
13.0 
====

CE94A73616160144942G44+0NN088WUP00228"
65.6 65.7 67.1 68.4 
29.25 29.26 29.26 29.26 
2 2 4 3 
338 254 219 243 
26918 26918 26919 26920 
64 64 62 59 
38.52 44.69 129.35 95.44 
186.15 187.78 321.64 281.89 
21.42 21.42 21.42 21.42 
0.36 
:BATTLOAD 0 12.89  
====

CE52A39C16160145132G45-0NN088WUP00044"
0.48 0.47 0.48 0.47 
:BATTLOAD 0 12.48  
====

3A80016016160145424G50+1NN038WUP00052 
 3.06  3.07  3.06  3.05
12.72 12.80 12.88 12.88 
====

3A80121616160145435G54+0NN038WUP00035 
 1.07
 1.08
 1.09
 1.08 12.5 
====

CE94B44016160150547G46+0NN088WUP00036"
71.9 71.6 72.4 73.1 
:BL 12.71  
====

CE94C2D016160150552G49-0NN088WUP00070"
31.82 31.82 31.82 31.82 
67.5 68.6 71.2 73.0 
:BATTLOAD 0 13.00  
====

CE94D1A616160150557G51-0NN088WUP00070"
45.42 45.42 45.42 45.42 
64.3 65.5 65.9 66.6 
:BATTLOAD 0 13.77  
====

CE9530AE16160150621G43+0NN088WUP00084"
56.5 57.5 57.6 59.0 
-4.63 -4.57 -4.61 -4.69 
0.09 0.09 0.09 0.09 
:BL 13.05  
====

CE95554816160150631G51+0NN088WUP00089"
50.2 50.7 53.4 54.7 
0.37 0.09 -0.24 0.08 
0.19 0.19 0.19 0.19 
:BATTLOAD 0 12.65  
====

6A10057616160154024G46-1NN038WUP00083 
 1.33  1.33  1.33  1.33
13.05 13.21 13.37 13.45
 1.76  1.75  1.76  1.75
13.4 
====
