
6A10057616156024024G45-1NN038WUP00083 
 1.34  1.34  1.34  1.34
13.45 13.45 13.37 13.29
 1.75  1.75  1.74  1.74
13.3 
====

CE94A73616156024942G44+0NN088WUP00228"
98.0 97.1 95.0 93.2 
29.27 29.27 29.27 29.27 
7 5 5 2 
249 248 245 269 
26401 26402 26403 26404 
12 12 13 13 
-1.88 -20.50 -66.32 -89.48 
191.74 161.92 66.22 25.76 
21.47 21.47 21.47 21.47 
0.38 
:BATTLOAD 0 13.07  
====

CE52A39C16156025132G45-0NN088WUP00044"
0.55 0.55 0.54 0.55 
:BATTLOAD 0 12.77  
====

3A80016016156025424G47-0NN038WUB00052 
 3.16  3.17  3.17  3.17
12.96 12.96 12.96 12.96 
====

3A80121616156025435G48-0NN038WUB00035 
 1.23
 1.22
 1.24
 1.23 12.7 
====

CE94B44016156030547G45-0NN088WUB00036"
78.0 78.6 79.0 78.2 
:BL 13.30  
====

CE94C2D016156030552G41-0NN088WUP00070"
32.15 32.15 32.15 32.15 
84.8 82.4 80.9 78.7 
:BATTLOAD 0 13.00  
====

CE94D1A616156030557G40+0NN088WUP00070"
45.64 45.64 45.64 45.64 
71.0 70.3 69.7 69.2 
:BATTLOAD 0 13.53  
====

CE9530AE16156030622G44-0NN088WUP00080"
56.5 54.6 54.2 53.4 
1.68 1.76 1.70 2.17 
7.12 7.06 7.00 6.97 
:BL 13.44  
====

CE95554816156030631G45-0NN088WUB00088"
57.2 56.2 55.0 54.3 
0.34 0.21 0.39 0.38 
0.21 0.21 0.21 0.21 
:BATTLOAD 0 12.89  
====

6A10057616156034024G45-1NN038WUP00083 
 1.34  1.34  1.34  1.34
13.21 13.21 13.21 13.13
 1.74  1.74  1.74  1.75
13.1 
====

CE94A73616156034942G45+0NN088WUB00227"
92.3 91.1 90.2 89.6 
29.26 29.27 29.27 29.27 
3 1 4 2 
312 309 293 331 
26404 26405 26406 26406 
13 13 13 14 
-88.64 -98.58 -99.98 -86.84 
21.28 -1.80 -5.58 -5.53 
21.47 21.46 21.46 21.46 
0.38 
:BATTLOAD 0 12.89  
====

CE52A39C16156035132G44+0NN088WUP00044"
0.54 0.54 0.54 0.54 
:BATTLOAD 0 12.71  
====

3A80016016156035424G47+0NN038WUP00052 
 3.18  3.17  3.17  3.19
12.96 12.96 12.96 12.96 
====

3A80121616156035435G48-0NN038WUB00035 
 1.23
 1.23
 1.21
 1.25 12.7 
====

CE94B44016156040547G44+0NN088WUB00036"
77.5 76.7 76.6 76.9 
:BL 12.89  
====

CE94C2D016156040552G41+0NN088WUP00070"
32.15 32.14 32.14 32.13 
77.6 74.2 72.7 71.3 
:BATTLOAD 0 12.95  
====

CE94D1A616156040557G40+0NN088WUB00070"
45.64 45.63 45.63 45.63 
68.7 68.3 68.0 67.8 
:BATTLOAD 0 13.65  
====

CE9530AE16156040622G44-0NN088WUP00080"
52.8 51.3 51.0 50.8 
2.11 2.32 1.72 2.01 
6.92 6.90 6.86 6.83 
:BL 12.97  
====

CE95554816156040631G46-0NN088WUP00088"
53.6 52.9 52.3 51.7 
0.46 0.49 0.48 0.25 
0.21 0.21 0.21 0.20 
:BATTLOAD 0 12.83  
====

6A10057616156044024G45-1NN038WUB00083 
 1.34  1.34  1.34  1.34
13.13 13.13 13.13 13.13
 1.74  1.75  1.75  1.75
13.1 
====

CE94A73616156044942G45+0NN088WUP00223"
88.4 88.5 84.4 82.4 
29.27 29.28 29.28 29.28 
2 2 3 4 
31 359 35 7 
26407 26407 26408 26409 
18 17 24 33 
-90.99 -88.85 -85.13 -84.98 
-5.33 -4.74 -4.74 -4.07 
21.46 21.46 21.46 21.45 
0.38 
:BATTLOAD 0 12.89  
====

CE52A39C16156045132G44+0NN088WUP00044"
0.54 0.54 0.54 0.54 
:BATTLOAD 0 12.71  
====

3A80016016156045424G47+0NN038WUP00052 
 3.18  3.18  3.18  3.17
12.88 12.88 12.88 12.88 
====

3A80121616156045435G48-0NN038WUB00035 
 1.23
 1.24
 1.25
 1.25 12.6 
====

CE94B44016156050547G43+0NN088WUB00036"
76.9 77.4 77.7 77.7 
:BL 12.83  
====

CE94C2D016156050552G41+0NN088WUP00070"
32.12 32.11 32.10 32.09 
70.1 70.0 68.1 67.3 
:BATTLOAD 0 12.89  
====

CE94D1A616156050557G40-0NN088WUP00070"
45.63 45.62 45.62 45.62 
67.6 67.5 67.2 67.2 
:BATTLOAD 0 13.71  
====

CE9530AE16156050622G44-0NN088WUP00080"
51.1 51.3 51.3 51.6 
2.35 2.04 1.99 2.31 
6.80 6.80 6.77 6.76 
:BL 12.89  
====

CE95554816156050631G46-0NN088WUB00088"
51.4 51.4 51.7 52.5 
0.39 0.29 0.29 0.25 
0.20 0.20 0.20 0.20 
:BATTLOAD 0 12.83  
====

6A10057616156054024G45-1NN038WUB00083 
 1.34  1.34  1.34  1.34
13.05 13.05 13.05 13.05
 1.75  1.75  1.75  1.75
13.1 
====

CE94A73616156054942G44-0NN088WUP00222"
79.9 79.3 79.4 79.1 
29.29 29.29 29.29 29.29 
4 3 5 4 
13 7 22 13 
26410 26411 26412 26413 
34 32 37 42 
-82.43 -77.51 -79.28 -78.09 
-3.92 -3.79 -4.07 -3.52 
21.45 21.45 21.45 21.45 
0.38 
:BATTLOAD 0 12.89  
====

CE52A39C16156055132G45+0NN088WUB00044"
0.53 0.54 0.54 0.54 
:BATTLOAD 0 12.71  
====

3A80016016156055424G47+0NN038WUB00052 
 3.18  3.18  3.18  3.17
12.88 12.88 12.88 12.88 
====

3A80121616156055435G48+0NN038WUP00035 
 1.25
 1.26
 1.27
 1.27 12.6 
====

CE94B44016156060547G44+0NN088WUB00036"
77.4 77.1 76.9 76.8 
:BL 12.77  
====

CE94C2D016156060552G42+0NN088WUP00070"
32.08 32.07 32.06 32.05 
67.9 67.3 65.6 64.7 
:BATTLOAD 0 12.89  
====

CE94D1A616156060557G40-0NN088WUP00070"
45.61 45.61 45.60 45.60 
67.1 67.1 67.0 67.0 
:BATTLOAD 0 13.71  
====

CE9530AE16156060622G44+0NN088WUP00080"
51.3 51.5 51.4 51.5 
2.10 1.32 1.75 2.06 
6.75 6.75 6.74 6.71 
:BL 12.81  
====

CE95554816156060631G46-0NN088WUP00088"
52.5 52.4 52.4 52.7 
0.35 0.19 0.15 0.26 
0.19 0.19 0.19 0.19 
:BATTLOAD 0 12.77  
====

6A10057616156064024G45-1NN038WUP00083 
 1.34  1.33  1.33  1.33
13.05 13.05 13.05 13.05
 1.75  1.76  1.75  1.75
13.1 
====

CE94A73616156064942G44-0NN088WUB00224"
78.8 78.7 79.0 78.2 
29.29 29.29 29.29 29.29 
4 3 2 2 
15 13 356 52 
26414 26415 26415 26416 
43 40 38 46 
-78.17 -75.55 -76.14 -78.65 
-3.82 -3.59 -3.70 -4.91 
21.44 21.44 21.44 21.44 
0.38 
:BATTLOAD 0 12.89  
====

CE52A39C16156065132G45+0NN088WUB00044"
0.54 0.54 0.54 0.54 
:BATTLOAD 0 12.65  
====

3A80016016156065424G48+0NN038WUP00052 
 3.18  3.18  3.17  3.18
12.88 12.88 12.88 12.88 
====

3A80121616156065435G48+0NN038WUB00035 
 1.27
 1.27
 1.28
 1.28 12.6 
====

CE94B44016156070547G44-0NN088WUP00036"
76.3 75.7 75.6 75.4 
:BL 12.77  
====

CE94C2D016156070552G41-0NN088WUP00070"
32.04 32.03 32.02 32.01 
64.0 63.7 63.1 62.9 
:BATTLOAD 0 12.89  
====

CE94D1A616156070557G40+0NN088WUB00070"
45.54 45.54 45.54 45.54 
66.5 66.9 67.0 66.8 
:BATTLOAD 0 13.77  
====

CE9530AE16156070622G44-0NN088WUP00080"
51.3 51.3 51.7 51.6 
2.01 1.39 1.86 2.33 
6.71 6.69 6.68 6.68 
:BL 12.81  
====

CE95554816156070631G46+0NN088WUP00088"
52.1 52.0 51.8 51.3 
0.40 0.42 0.28 0.29 
0.19 0.19 0.19 0.18 
:BATTLOAD 0 12.71  
====

6A10057616156074024G45-1NN038WUP00083 
 1.33  1.33  1.33  1.33
13.05 12.98 13.05 12.98
 1.76  1.75  1.75  1.75
13.0 
====

CE94A73616156074942G45-0NN088WUP00223"
78.5 78.2 76.8 76.9 
29.29 29.29 29.28 29.28 
6 6 5 8 
37 39 19 28 
26417 26419 26420 26422 
44 46 47 42 
-76.98 -77.29 -76.58 -77.41 
-3.51 -4.13 -4.16 -4.04 
21.44 21.44 21.44 21.43 
0.38 
:BATTLOAD 0 12.83  
====

CE52A39C16156075132G45-0NN088WUB00044"
0.53 0.54 0.53 0.54 
:BATTLOAD 0 12.65  
====

3A80016016156075424G48+0NN038WUP00052 
 3.17  3.19  3.18  3.18
12.88 12.88 12.80 12.80 
====

3A80121616156075435G49+0NN038WUB00035"
 1.28
 1.27
 1.28
 1.29 12.6 
====

CE94B44016156080547G44+0NN088WUB00036"
75.2 75.2 75.2 75.1 
:BL 12.71  
====

CE94C2D016156080552G42-0NN088WUP00070"
32.00 31.99 31.98 31.97 
61.9 61.3 60.9 60.5 
:BATTLOAD 0 12.83  
====

CE94D1A616156080557G41+0NN088WUB00070"
45.54 45.54 45.52 45.52 
66.7 66.5 66.4 66.2 
:BATTLOAD 0 13.71  
====

CE9530AE16156080622G44-0NN088WUP00080"
52.4 52.0 52.7 52.2 
1.74 2.12 2.28 1.48 
6.68 6.68 6.68 6.68 
:BL 12.73  
====

CE95554816156080631G46-0NN088WUB00088"
51.0 50.7 50.5 50.5 
0.52 0.34 0.35 0.27 
0.18 0.18 0.18 0.18 
:BATTLOAD 0 12.71  
====

6A10057616156084024G45-1NN038WUB00083 
 1.33  1.33  1.33  1.33
12.98 12.98 12.98 12.98
 1.76  1.76  1.75  1.75
13.0 
====

CE94A73616156084942G45-0NN088WUP00223"
77.4 76.9 76.6 75.9 
29.28 29.27 29.27 29.27 
9 5 7 7 
30 22 36 32 
26424 26425 26427 26429 
46 44 47 46 
-75.99 -75.64 -75.23 -71.88 
-3.68 -3.68 -3.98 -3.76 
21.43 21.43 21.43 21.43 
0.38 
:BATTLOAD 0 12.83  
====

CE52A39C16156085132G45-0NN088WUP00044"
0.53 0.54 0.53 0.54 
:BATTLOAD 0 12.60  
====

3A80016016156085424G47+0NN038WUP00052 
 3.19  3.18  3.17  3.17
12.80 12.80 12.80 12.80 
====

3A80121616156085435G49+0NN038WUP00035 
 1.29
 1.28
 1.29
 1.29 12.6 
====

CE94B44016156090547G44+0NN088WUP00036"
75.1 74.9 74.5 74.2 
:BL 12.71  
====

CE94C2D016156090552G42-0NN088WUP00070"
31.96 31.95 31.94 31.93 
60.4 60.2 59.0 59.0 
:BATTLOAD 0 12.83  
====

CE94D1A616156090557G41-0NN088WUB00070"
45.52 45.52 45.52 45.48 
66.0 65.9 65.8 65.8 
:BATTLOAD 0 13.71  
====

CE9530AE16156090622G44-0NN088WUB00080"
51.5 51.5 51.7 51.8 
2.37 2.02 2.04 2.17 
6.68 6.68 6.68 6.68 
:BL 12.73  
====

CE95554816156090631G46+0NN088WUB00088"
50.5 50.3 50.0 50.0 
0.64 0.28 0.28 0.49 
0.18 0.18 0.18 0.18 
:BATTLOAD 0 12.71  
====

6A10057616156094024G45-1NN038WUB00083 
 1.33  1.33  1.33  1.33
12.98 12.98 12.98 12.98
 1.75  1.75  1.75  1.75
13.0 
====

CE94A73616156094942G45+0NN088WUB00223"
75.9 75.5 75.0 75.4 
29.27 29.26 29.26 29.26 
8 7 3 5 
29 25 15 22 
26431 26433 26433 26435 
45 47 47 45 
-75.98 -73.26 -74.23 -73.13 
-3.44 -3.48 -3.46 -3.46 
21.43 21.43 21.43 21.43 
0.38 
:BATTLOAD 0 12.83  
====

CE52A39C16156095132G45+0NN088WUP00044"
0.53 0.54 0.53 0.54 
:BATTLOAD 0 12.60  
====

3A80016016156095424G48+0NN038WUP00052 
 3.18  3.19  3.17  3.17
12.80 12.80 12.80 12.80 
====

3A80121616156095435G48+0NN038WUP00035 
 1.29
 1.29
 1.29
 1.29 12.5 
====

CE94B44016156100547G44+0NN088WUP00036"
74.2 74.3 74.6 75.2 
:BL 12.71  
====

CE94C2D016156100552G42-0NN088WUB00070"
31.92 31.91 31.90 31.89 
58.7 58.7 58.5 58.0 
:BATTLOAD 0 12.77  
====

CE94D1A616156100557G40-0NN088WUB00070"
45.48 45.48 45.48 45.48 
65.3 65.4 65.3 65.4 
:BATTLOAD 0 13.71  
====

CE9530AE16156100622G44+0NN088WUP00080"
51.7 51.3 52.2 52.1 
2.46 2.17 1.89 1.94 
6.68 6.68 6.68 6.63 
:BL 12.73  
====

CE95554816156100631G46-0NN088WUB00088"
49.9 49.8 49.6 49.6 
0.54 0.17 0.22 0.13 
0.18 0.18 0.18 0.18 
:BATTLOAD 0 12.65  
====

6A10057616156104024G45-1NN038WUP00083 
 1.33  1.33  1.33  1.33
12.90 12.98 12.98 12.90
 1.75  1.75  1.76  1.75
12.9 
====

CE94A73616156104942G45-0NN088WUB00223"
74.9 74.7 74.3 73.9 
29.26 29.26 29.26 29.26 
6 6 7 7 
29 25 26 28 
26436 26438 26439 26441 
49 49 49 48 
-75.22 -72.69 -72.96 -70.72 
-3.78 -3.28 -3.25 -3.49 
21.43 21.43 21.43 21.43 
0.38 
:BATTLOAD 0 12.77  
====

CE52A39C16156105132G45+0NN088WUB00044"
0.53 0.54 0.53 0.54 
:BATTLOAD 0 12.54  
====

3A80016016156105424G48+0NN038WUP00052 
 3.18  3.18  3.17  3.17
12.80 12.80 12.80 12.80 
====

3A80121616156105435G48+0NN038WUB00035 
 1.29
 1.29
 1.28
 1.28 12.5 
====

CE94B44016156110547G44+0NN088WUP00036"
75.6 75.0 74.5 74.2 
:BL 12.65  
====

CE94C2D016156110552G41-0NN088WUP00070"
31.88 31.87 31.87 31.86 
57.5 57.8 57.5 56.6 
:BATTLOAD 0 12.77  
====

CE94D1A616156110557G41-0NN088WUB00070"
45.48 45.48 45.48 45.48 
65.7 65.7 65.7 65.6 
:BATTLOAD 0 13.71  
====

CE9530AE16156110622G45-0NN088WUB00080"
52.0 51.6 51.7 51.1 
2.17 1.97 2.12 2.11 
6.63 6.63 6.63 6.63 
:BL 12.65  
====

CE95554816156110631G46-0NN088WUP00088"
49.4 49.5 49.2 49.2 
0.48 0.58 0.72 0.55 
0.18 0.17 0.17 0.17 
:BATTLOAD 0 12.65  
====

6A10057616156114024G45-1NN038WUP00083"
 1.33  1.33  1.33  1.33
12.90 12.90 12.90 12.90
 1.75  1.75  1.75  1.75
12.9 
====

CE94A73616156114942G45-0NN088WUB00223"
73.7 73.4 73.4 73.7 
29.27 29.27 29.26 29.26 
7 8 7 6 
23 24 22 15 
26443 26445 26447 26448 
49 48 48 42 
-71.51 -67.30 -72.67 -71.66 
-2.97 -3.10 -2.83 -3.21 
21.43 21.43 21.43 21.43 
0.38 
:BATTLOAD 0 12.77  
====

CE52A39C16156115132G45+0NN088WUP00044"
0.53 0.54 0.53 0.53 
:BATTLOAD 0 12.54  
====

3A80016016156115424G48+0NN038WUP00052"
 3.18  3.17  3.17  3.17
12.80 12.80 12.80 12.72 
====

3A80121616156115435G48+0NN038WUP00035 
 1.30
 1.29
 1.30
 1.30 12.5 
====

CE94B44016156120547G44-0NN088WUB00036"
74.3 73.8 73.4 73.3 
:BL 12.65  
====

CE94C2D016156120552G41+0NN088WUB00070"
31.85 31.85 31.84 31.83 
56.9 57.3 56.3 56.8 
:BATTLOAD 0 12.71  
====

CE94D1A616156120557G41+0NN088WUB00070"
45.48 45.48 45.48 45.48 
65.6 65.5 65.2 64.9 
:BATTLOAD 0 13.77  
====

CE9530AE16156120622G44-0NN088WUP00080"
50.9 50.5 51.2 51.0 
2.01 1.78 2.27 2.08 
6.63 6.63 6.63 6.63 
:BL 12.65  
====

CE95554816156120631G46+0NN088WUB00088"
48.9 49.0 49.0 48.7 
0.80 0.49 0.57 0.58 
0.17 0.17 0.17 0.17 
:BATTLOAD 0 12.65  
====

6A10057616156124024G45-1NN038WUB00083 
 1.33  1.33  1.33  1.33
12.90 12.90 12.90 12.90
 1.76  1.76  1.76  1.76
12.9 
====

CE94A73616156124942G45-0NN088WUP00221"
74.2 73.8 74.3 73.5 
29.26 29.27 29.27 29.26 
4 4 8 8 
14 20 30 24 
26449 26450 26452 26454 
38 40 48 47 
-68.80 -65.95 -67.02 -63.09 
-3.09 -3.79 0.37 5.07 
21.43 21.43 21.43 21.43 
0.38 
:BATTLOAD 0 12.71  
====

CE52A39C16156125132G44+0NN088WUP00044"
0.54 0.53 0.54 0.53 
:BATTLOAD 0 12.54  
====

3A80016016156125424G49+1NN038WUP00052 
 3.19  3.17  3.18  3.17
12.72 12.72 12.72 12.72 
====

3A80121616156125435G48+0NN038WUP00035 
 1.29
 1.28
 1.30
 1.30 12.5 
====

CE94B44016156130547G44-0NN088WUB00036"
73.4 73.4 72.8 73.5 
:BL 12.65  
====

CE94C2D016156130552G42+0NN088WUB00070"
31.83 31.82 31.82 31.81 
56.3 56.4 56.2 56.8 
:BATTLOAD 0 12.71  
====

CE94D1A616156130557G41-0NN088WUP00070"
45.47 45.47 45.47 45.47 
64.6 64.6 64.4 64.4 
:BATTLOAD 0 13.71  
====

CE9530AE16156130622G44-0NN088WUB00080"
51.5 51.0 51.4 52.2 
1.97 2.07 2.10 1.92 
6.63 6.59 6.58 6.58 
:BL 12.65  
====

CE95554816156130631G46-0NN088WUP00088"
48.2 48.0 48.7 49.5 
0.65 0.84 0.66 0.29 
0.17 0.17 0.17 0.17 
:BATTLOAD 0 12.65  
====

6A10057616156134024G45-1NN038WUB00083 
 1.33  1.33  1.33  1.33
12.90 12.90 12.90 12.90
 1.75  1.75  1.75  1.75
12.9 
====

CE94A73616156134942G45+0NN088WUB00223"
74.2 74.5 74.8 75.7 
29.26 29.26 29.27 29.27 
6 8 7 7 
18 30 37 34 
26455 26458 26459 26461 
44 44 44 43 
-53.26 -32.05 -16.26 -3.53 
20.54 62.11 91.92 113.40 
21.43 21.43 21.43 21.43 
0.38 
:BATTLOAD 0 12.71  
====

CE52A39C16156135132G44+0NN088WUB00044"
0.54 0.53 0.54 0.53 
:BATTLOAD 0 12.54  
====

3A80016016156135424G49+1NN038WUP00052 
 3.18  3.17  3.17  3.18
12.72 12.72 12.80 12.72 
====

3A80121616156135435G48+0NN038WUP00035 
 1.30
 1.29
 1.30
 1.30 12.5 
====

CE94B44016156140547G44+0NN088WUP00036"
73.4 73.8 75.6 76.0 
:BL 12.65  
====

CE94C2D016156140552G42+0NN088WUP00070"
31.81 31.80 31.80 31.80 
57.3 57.9 59.5 61.9 
:BATTLOAD 0 12.71  
====

CE94D1A616156140557G41-0NN088WUB00070"
45.47 45.47 45.47 45.47 
64.3 64.0 64.1 64.4 
:BATTLOAD 0 13.77  
====

CE9530AE16156140622G45+0NN088WUB00080"
52.3 52.3 52.7 52.8 
1.94 2.08 2.09 1.99 
6.58 6.58 6.58 6.57 
:BL 12.65  
====

CE95554816156140631G45+0NN088WUP00088"
49.6 49.3 49.3 50.1 
0.41 0.69 0.45 0.13 
0.17 0.12 0.11 0.10 
:BATTLOAD 0 12.65  
====

6A10057616156144024G45-1NN038WUB00083 
 1.33  1.33  1.33  1.33
12.90 12.90 12.98 12.98
 1.75  1.75  1.75  1.75
13.0 
====

CE94A73616156144942G45+0NN088WUP00224"
77.4 77.6 80.0 82.3 
29.27 29.28 29.28 29.28 
6 5 2 5 
33 47 129 176 
26463 26464 26464 26465 
40 40 33 26 
11.01 8.57 57.60 57.51 
147.70 139.40 221.54 239.24 
21.43 21.43 21.43 21.43 
0.38 
:BATTLOAD 0 12.89  
====

CE52A39C16156145132G44-0NN088WUP00044"
0.54 0.53 0.54 0.53 
:BATTLOAD 0 12.54  
====

3A80016016156145424G49+1NN038WUB00052 
 3.18  3.17  3.17  3.17
12.80 12.80 12.88 12.88 
====

3A80121616156145435G48+0NN038WUB00035 
 1.30
 1.29
 1.30
 1.28 12.5 
====

CE94B44016156150547G44+0NN088WUB00036"
76.5 76.5 75.5 75.2 
:BL 12.71  
====

CE94C2D016156150552G42-0NN088WUP00070"
31.80 31.80 31.80 31.80 
64.2 68.6 71.2 73.2 
:BATTLOAD 0 12.89  
====

CE94D1A616156150557G41-0NN088WUB00070"
45.47 45.47 45.47 45.47 
64.9 66.3 67.3 68.3 
:BATTLOAD 0 13.71  
====

CE9530AE16156150622G44+0NN088WUB00080"
54.1 56.2 57.3 59.4 
2.24 1.35 1.56 1.61 
6.56 6.56 6.56 6.56 
:BL 12.89  
====

CE95554816156150631G45+0NN088WUP00091"
50.7 51.4 52.6 54.9 
0.29 -0.17 -0.03 -0.42 
0.10 0.10 0.09 0.04 
:BATTLOAD 0 12.65  
====

6A10057616156154024G45-1NN038WUB00083 
 1.33  1.33  1.33  1.33
13.05 13.21 13.37 13.53
 1.75  1.75  1.75  1.75
13.5 
====

CE94A73616156154942G45+0NN088WUB00231"
83.6 84.7 87.8 90.6 
29.28 29.29 29.28 29.29 
3 3 3 4 
189 164 175 182 
26466 26467 26468 26469 
27 25 22 20 
144.44 183.23 206.91 241.88 
361.13 419.91 458.77 517.76 
21.43 21.43 21.43 21.43 
0.38 
:BATTLOAD 0 13.36  
====

CE52A39C16156155132G44+0NN088WUP00044"
0.54 0.53 0.53 0.54 
:BATTLOAD 0 12.54  
====

3A80016016156155424G49+0NN038WUB00052 
 3.16  3.17  3.17  3.16
12.96 12.96 13.04 13.11 
====

3A80121616156155435G48+0NN038WUB00035 
 1.30
 1.30
 1.30
 1.30 12.5 
====

CE94B44016156160547G44+0NN088WUP00036"
75.2 75.2 75.7 77.0 
:BL 12.77  
====

CE94C2D016156160552G42+0NN088WUP00070"
31.80 31.80 31.80 31.82 
75.1 77.2 78.9 80.1 
:BATTLOAD 0 13.65  
====

CE94D1A616156160557G41+0NN088WUB00070"
45.47 45.47 45.47 45.47 
69.5 70.7 72.0 73.1 
:BATTLOAD 0 13.77  
====

CE9530AE16156160622G44+0NN088WUB00080"
61.8 62.8 63.5 64.8 
1.82 1.12 1.01 1.17 
6.56 6.56 6.56 6.56 
:BL 14.32  
====

CE95554816156160631G45+0NN088WUB00095"
58.7 62.4 65.4 67.2 
-0.01 -1.34 0.07 -1.01 
-0.01 -0.09 -0.20 -0.24 
:BATTLOAD 0 13.36  
====

6A10057616156164024G45-1NN038WUB00083 
 1.33  1.33  1.33  1.33
13.76 13.84 13.92 14.00
 1.75  1.75  1.75  1.75
14.0 
====

CE94A73616156164942G45+0NN088WUP00231"
92.4 93.5 93.2 95.5 
29.29 29.29 29.29 29.29 
7 7 3 7 
185 218 166 174 
26470 26472 26473 26475 
18 19 19 18 
283.58 199.72 341.64 394.42 
589.74 521.22 648.27 764.20 
21.43 21.43 21.43 21.44 
0.38 
:BATTLOAD 0 13.59  
====

CE52A39C16156165132G44-0NN088WUP00044"
0.53 0.54 0.54 0.53 
:BATTLOAD 0 12.60  
====

3A80016016156165424G48+0NN038WUP00052 
 3.17  3.16  3.16  3.16
13.27 13.43 13.59 13.74 
====

3A80121616156165435G47+0NN038WUP00035 
 1.30
 1.30
 1.30
 1.30 12.6 
====

CE94B44016156170547G44-0NN088WUP00036"
77.3 77.4 77.6 78.3 
:BL 12.83  
====

CE94C2D016156170552G42+0NN088WUP00070"
31.83 31.84 31.86 31.87 
80.7 81.6 83.7 85.7 
:BATTLOAD 0 13.88  
====

CE94D1A616156170557G42+0NN088WUP00070"
45.48 45.48 45.48 45.48 
74.3 75.4 76.7 78.2 
:BATTLOAD 0 13.77  
====

CE9530AE16156170622G43+0NN088WUB00080"
64.7 66.3 66.5 67.2 
1.70 1.65 0.51 1.25 
6.56 6.56 6.56 6.56 
:BL 14.00  
====

CE95554816156170631G45+0NN088WUP00094"
68.2 68.7 68.6 67.0 
0.25 0.13 -0.40 -0.26 
-0.24 -0.24 -0.25 -0.25 
:BATTLOAD 0 14.18  
====

6A10057616156174024G45-1NN038WUP00083 
 1.33  1.33  1.33  1.33
14.08 14.31 13.84 13.68
 1.75  1.75  1.75  1.75
13.7 
====

CE94A73616156174942G45+0NN088WUB00231"
94.3 93.5 96.6 97.8 
29.29 29.29 29.28 29.28 
5 5 5 8 
131 143 172 195 
26476 26477 26478 26480 
18 18 16 15 
149.48 320.34 426.11 443.60 
389.28 612.85 773.62 878.23 
21.44 21.44 21.45 21.45 
0.38 
:BATTLOAD 0 13.65  
====

CE52A39C16156175132G44+0NN088WUP00044"
0.54 0.53 0.54 0.54 
:BATTLOAD 0 13.00  
====

3A80016016156175424G48-0NN038WUB00052 
 3.17  3.16  3.16  3.15
13.67 13.90 13.82 13.74 
====

3A80121616156175435G47+0NN038WUB00035 
 1.29
 1.29
 1.29
 1.29 12.6 
====

CE94B44016156180547G44+0NN088WUB00036"
78.6 80.4 79.9 79.0 
:BL 13.07  
====

CE94C2D016156180552G42-0NN088WUP00070"
31.88 31.90 31.91 31.93 
87.7 88.7 89.7 90.3 
:BATTLOAD 0 14.06  
====

CE94D1A616156180557G41+0NN088WUB00070"
45.49 45.53 45.55 45.57 
78.8 79.4 79.8 79.3 
:BATTLOAD 0 13.77  
====

CE9530AE16156180622G43+0NN088WUP00080"
67.4 68.1 68.8 69.9 
1.43 0.90 0.83 1.46 
6.56 6.56 6.56 6.56 
:BL 13.92  
====

CE95554816156180631G45+0NN088WUB00092"
68.3 68.5 69.1 70.9 
0.51 0.05 0.29 0.12 
-0.25 -0.25 -0.25 -0.25 
:BATTLOAD 0 13.83  
====

6A10057616156184024G45-1NN038WUB00083 
 1.33  1.33  1.33  1.33
13.84 13.68 13.61 13.76
 1.75  1.74  1.74  1.74
13.8 
====

CE94A73616156184942G45+0NN088WUP00232"
95.6 98.7 100.4 98.6 
29.28 29.28 29.28 29.28 
7 3 9 6 
118 160 186 189 
26482 26483 26485 26487 
17 15 13 14 
270.52 458.54 347.61 311.94 
590.20 838.48 783.28 660.20 
21.45 21.45 21.45 21.46 
0.38 
:BATTLOAD 0 13.65  
====

CE52A39C16156185132G44+0NN088WUB00044"
0.54 0.54 0.54 0.54 
:BATTLOAD 0 13.12  
====

3A80016016156185424G48-0NN038WUP00052 
 3.16  3.15  3.15  3.15
13.59 13.67 13.59 13.67 
====

3A80121616156185435G47+0NN038WUP00035 
 1.29
 1.28
 1.29
 1.28 12.9 
====

CE94B44016156190547G43-0NN088WUB00036"
79.9 79.8 80.8 80.6 
:BL 13.24  
====

CE94C2D016156190552G42+0NN088WUB00070"
31.94 31.96 31.98 31.99 
92.1 92.5 92.5 92.2 
:BATTLOAD 0 13.65  
====

CE94D1A616156190557G41+0NN088WUB00070"
45.60 45.61 45.62 45.63 
78.4 79.6 80.4 80.6 
:BATTLOAD 0 13.71  
====

CE9530AE16156190622G43-0NN088WUP00080"
68.7 66.9 67.9 66.8 
1.21 0.89 0.94 0.25 
6.56 6.56 6.56 6.55 
:BL 13.76  
====

CE95554816156190631G45-0NN088WUP00092"
71.4 71.4 72.3 71.9 
0.69 0.63 0.16 0.71 
-0.25 -0.25 -0.25 -0.25 
:BATTLOAD 0 13.83  
====

6A10057616156194024G45-1NN038WUP00083 
 1.33  1.33  1.33  1.33
14.31 13.61 14.31 13.61
 1.73  1.74  1.74  1.74
13.6 
====

CE94A73616156194942G45+0NN088WUB00231"
98.6 98.4 99.2 99.5 
29.28 29.27 29.27 29.26 
9 1 3 3 
200 222 165 221 
26489 26489 26490 26491 
14 14 15 14 
456.58 239.96 233.20 302.02 
838.24 587.55 537.73 612.14 
21.46 21.46 21.46 21.46 
0.38 
:BATTLOAD 0 13.53  
====

CE52A39C16156195132G44+0NN088WUP00044"
0.54 0.54 0.54 0.54 
:BATTLOAD 0 13.24  
====

3A80016016156195424G48-0NN038WUB00052 
 3.15  3.15  3.15  3.15
13.74 13.59 13.98 13.74 
====

3A80121616156195435G47+0NN038WUP00035"
 1.29
 1.27
 1.28
 1.27 13.0 
====

CE94B44016156200547G45+0NN088WUB00036"
81.1 80.7 81.6 81.9 
:BL 13.53  
====

CE94C2D016156200552G41+0NN088WUP00070"
32.00 32.02 32.03 32.04 
93.1 94.1 93.6 92.9 
:BATTLOAD 0 14.35  
====

CE94D1A616156200557G41+0NN088WUB00070"
45.63 45.63 45.64 45.64 
80.4 80.6 80.6 80.7 
:BATTLOAD 0 13.71  
====

CE9530AE16156200622G44+0NN088WUP00081"
68.9 67.2 66.5 66.5 
0.34 0.39 0.04 -0.01 
6.53 6.49 6.40 6.38 
:BL 14.24  
====

CE95554816156200631G45-0NN088WUP00092"
72.6 71.4 71.5 71.4 
0.13 0.79 0.42 1.52 
-0.25 -0.25 -0.25 -0.25 
:BATTLOAD 0 13.71  
====

6A10057616156204024G45-1NN038WUP00083 
 1.33  1.33  1.33  1.33
13.68 13.68 14.16 13.76
 1.73  1.74  1.74  1.74
13.8 
====

CE94A73616156204942G45+0NN088WUB00233"
99.3 97.6 97.4 98.8 
29.26 29.26 29.27 29.26 
7 9 11 4 
203 209 235 240 
26492 26495 26497 26498 
14 18 18 17 
319.21 267.38 616.43 693.71 
671.15 622.47 956.04 1142.44 
21.46 21.46 21.46 21.47 
0.38 
:BATTLOAD 0 13.65  
====

CE52A39C16156205132G44-0NN088WUB00044"
0.54 0.53 0.54 0.54 
:BATTLOAD 0 13.24  
====

3A80016016156205424G48-0NN038WUB00052 
 3.15  3.15  3.15  3.14
13.74 13.67 13.90 13.67 
====

3A80121616156205435G47-0NN038WUB00035"
 1.26
 1.27
 1.25
 1.26 14.0 
====

CE94B44016156210547G44+0NN088WUP00036"
83.2 84.3 83.5 82.1 
:BL 14.06  
====

CE94C2D016156210552G41+0NN088WUB00070"
32.05 32.06 32.07 32.08 
93.9 94.0 94.5 94.7 
:BATTLOAD 0 14.06  
====

CE94D1A616156210557G41+0NN088WUP00070"
45.64 45.64 45.65 45.65 
80.5 80.8 80.8 81.2 
:BATTLOAD 0 13.65  
====

CE9530AE16156210621G45-0NN088WUP00084"
64.7 64.6 63.4 64.2 
-0.14 -0.44 -0.69 -0.59 
6.31 6.27 6.19 6.06 
:BL 14.00  
====

CE95554816156210631G45-0NN088WUB00092"
71.6 70.9 71.7 70.7 
0.71 0.07 0.42 0.07 
-0.25 -0.25 -0.25 -0.25 
:BATTLOAD 0 14.06  
====

6A10057616156214024G45-1NN038WUP00083 
 1.33  1.33  1.33  1.34
13.68 13.61 13.61 13.61
 1.73  1.74  1.74  1.74
13.6 
====

CE94A73616156214942G45+0NN088WUB00234"
99.9 100.4 102.2 103.3 
29.26 29.26 29.25 29.25 
2 7 3 4 
248 216 210 181 
26499 26501 26501 26502 
14 15 13 12 
197.88 380.14 261.81 363.96 
544.85 734.49 607.45 763.26 
21.47 21.47 21.47 21.47 
0.38 
:BATTLOAD 0 14.00  
====

CE52A39C16156215132G45+0NN088WUP00044"
0.54 0.54 0.54 0.54 
:BATTLOAD 0 13.36  
====

3A80016016156215424G47-0NN038WUB00052 
 3.14  3.14  3.14  3.13
13.82 13.98 13.74 13.74 
====

3A80121616156215435G47+0NN038WUB00035 
 1.25
 1.24
 1.25
 1.24 13.6 
====

CE94B44016156220547G44+0NN088WUB00036"
80.9 80.3 81.0 80.8 
:BL 13.65  
====

CE94C2D016156220552G42+0NN088WUP00070"
32.09 32.10 32.11 32.11 
94.2 93.8 93.6 92.8 
:BATTLOAD 0 14.12  
====

CE94D1A616156220557G41+0NN088WUB00070"
45.65 45.65 45.65 45.65 
81.9 81.0 80.7 80.7 
:BATTLOAD 0 13.65  
====

CE9530AE16156220621G45-0NN088WUB00084"
64.9 64.4 64.2 64.8 
-0.19 -0.88 -0.89 -1.90 
5.99 5.93 5.84 5.76 
:BL 13.92  
====

CE95554816156220631G45-0NN088WUP00092"
71.3 71.0 70.3 70.6 
0.64 0.06 0.94 0.26 
-0.25 -0.25 -0.25 -0.25 
:BATTLOAD 0 13.83  
====

6A10057616156224024G45-1NN038WUB00083 
 1.34  1.34  1.33  1.33
13.92 13.76 13.68 13.68
 1.74  1.73  1.73  1.73
13.7 
====

CE94A73616156224942G45+0NN088WUP00235"
103.4 104.7 101.9 100.5 
29.24 29.24 29.23 29.23 
3 4 7 9 
206 194 252 265 
26503 26504 26506 26508 
13 12 15 15 
373.55 445.46 194.63 183.04 
826.02 884.11 424.88 445.70 
21.47 21.47 21.47 21.47 
0.38 
:BATTLOAD 0 13.94  
====

CE52A39C16156225132G45+0NN088WUB00044"
0.54 0.54 0.54 0.53 
:BATTLOAD 0 13.30  
====

3A80016016156225424G48-0NN038WUP00052 
 3.14  3.14  3.13  3.13
14.14 13.59 13.74 14.22 
====

3A80121616156225435G47-0NN038WUB00035 
 1.24
 1.24
 1.23
 1.23 13.4 
====

CE94B44016156230547G44+0NN088WUP00036"
81.3 81.4 84.1 82.9 
:BL 13.83  
====

CE94C2D016156230552G42-0NN088WUP00070"
32.12 32.13 32.13 32.14 
93.9 92.9 93.8 93.4 
:BATTLOAD 0 13.88  
====

CE94D1A616156230557G40-0NN088WUB00070"
45.65 45.65 45.65 45.65 
80.3 80.3 80.0 80.3 
:BATTLOAD 0 13.59  
====

CE9530AE16156230621G45+0NN088WUB00084"
64.9 64.2 64.5 64.6 
-0.66 -1.59 -2.19 -1.71 
5.70 5.62 5.57 5.52 
:BL 14.16  
====

CE95554816156230631G45-0NN088WUP00092"
72.2 72.0 71.2 69.1 
0.21 0.53 0.68 0.35 
-0.26 -0.26 -0.26 -0.26 
:BATTLOAD 0 13.48  
====

6A10057616156234024G45-1NN038WUP00083 
 1.33  1.33  1.33  1.33
14.16 14.23 14.08 13.84
 1.72  1.72  1.72  1.72
13.8 
====

CE94A73616156234942G44+0NN088WUB00235"
103.4 103.6 103.9 104.9 
29.23 29.22 29.22 29.21 
1 7 4 6 
292 218 329 226 
26508 26510 26511 26512 
13 12 10 11 
426.35 314.27 359.29 326.23 
834.99 797.74 743.71 727.15 
21.47 21.47 21.47 21.47 
0.38 
:BATTLOAD 0 13.59  
====

CE52A39C16156235132G45+0NN088WUB00044"
0.54 0.54 0.54 0.53 
:BATTLOAD 0 13.36  
====

3A80016016156235424G47-0NN038WUP00052 
 3.13  3.13  3.13  3.13
13.67 14.06 13.67 13.51 
====

3A80121616156235435G48-0NN038WUP00035 
 1.22
 1.21
 1.22
 1.21 13.1 
====

CE94B44016157000547G44+0NN088WUB00036"
83.9 83.1 84.1 83.6 
:BL 13.83  
====

CE94C2D016157000552G41+0NN088WUB00070"
32.14 32.14 32.15 32.15 
94.5 94.7 95.4 95.4 
:BATTLOAD 0 13.65  
====

CE94D1A616157000557G40+0NN088WUP00070"
45.65 45.65 45.65 45.65 
79.4 79.1 79.1 78.9 
:BATTLOAD 0 13.59  
====

CE9530AE16157000621G45+0NN088WUP00084"
64.0 63.7 63.5 62.5 
-1.59 -0.99 -2.10 -1.38 
5.45 5.38 5.30 5.27 
:BL 13.76  
====

CE95554816157000631G45-0NN088WUB00092"
68.6 67.5 67.1 65.8 
0.26 0.20 0.82 0.67 
-0.26 -0.26 -0.26 -0.25 
:BATTLOAD 0 13.00  
====

6A10057616157004024G45-1NN038WUB00083 
 1.33  1.33  1.33  1.33
13.68 13.61 13.76 13.92
 1.72  1.72  1.73  1.73
13.9 
====

CE94A73616157004942G44+0NN088WUB00236"
104.0 102.3 101.8 101.4 
29.21 29.21 29.21 29.20 
5 11 6 7 
258 269 275 297 
26514 26516 26518 26520 
11 11 13 13 
288.97 232.69 197.50 160.16 
642.13 556.44 495.71 445.01 
21.47 21.47 21.47 21.47 
0.35 
:BATTLOAD 0 13.53  
====

CE52A39C16157005132G44+0NN088WUP00044"
0.54 0.53 0.53 0.53 
:BATTLOAD 0 14.00  
====

3A80016016157005424G47-0NN038WUP00052 
 3.14  3.13  3.13  3.13
13.27 13.43 13.19 13.11 
====

3A80121616157005435G48-0NN038WUP00035 
 1.21
 1.20
 1.19
 1.18 12.8 
====

CE94B44016157010547G44+0NN088WUP00036"
83.7 84.1 82.2 81.7 
:BL 13.71  
====

CE94C2D016157010552G40-0NN088WUP00070"
32.15 32.16 32.16 32.16 
93.9 94.7 93.6 93.3 
:BATTLOAD 0 13.36  
====

CE94D1A616157010557G41-0NN088WUB00070"
45.65 45.65 45.65 45.65 
78.8 78.3 77.8 77.1 
:BATTLOAD 0 13.53  
====

CE9530AE16157010621G45+0NN088WUP00084"
62.7 62.1 62.6 62.3 
-2.40 -2.12 -3.07 -2.98 
5.20 5.11 5.07 4.98 
:BL 14.24  
====

CE95554816157010631G46-0NN088WUB00090"
65.0 64.1 63.1 61.7 
0.26 -0.03 0.93 0.63 
-0.09 0.10 0.19 0.22 
:BATTLOAD 0 12.95  
====

6A10057616157014024G45-1NN038WUP00083 
 1.33  1.33  1.33  1.33
13.92 13.92 13.84 13.76
 1.73  1.73  1.73  1.73
13.8 
====

CE94A73616157014942G44+0NN088WUB00232"
101.9 101.7 101.8 101.7 
29.20 29.20 29.20 29.20 
6 4 3 4 
269 278 322 295 
26521 26522 26523 26524 
11 12 11 11 
125.17 85.39 52.82 22.65 
393.88 342.00 287.95 234.60 
21.47 21.47 21.47 21.47 
0.35 
:BATTLOAD 0 13.24  
====

CE52A39C16157015132G44-0NN088WUP00044"
0.53 0.53 0.53 0.53 
:BATTLOAD 0 13.12  
====

3A80016016157015424G47-0NN038WUP00052 
 3.13  3.12  3.14  3.14
13.11 13.04 13.04 13.04 
====

3A80121616157015435G48-0NN038WUP00035 
 1.20
 1.18
 1.18
 1.19 12.8 
====

CE94B44016157020547G45-0NN088WUB00036"
81.0 80.4 79.7 79.2 
:BL 14.00  
====

CE94C2D016157020552G40-0NN088WUP00070"
32.16 32.16 32.16 32.16 
92.3 92.0 91.8 91.9 
:BATTLOAD 0 13.00  
====

CE94D1A616157020557G40+0NN088WUP00070"
45.65 45.65 45.65 45.64 
76.0 74.5 73.5 72.4 
:BATTLOAD 0 13.53  
====

CE9530AE16157020621G45-0NN088WUP00084"
61.3 61.5 60.9 60.1 
-3.45 -2.31 -2.52 -2.79 
4.94 4.88 4.82 4.76 
:BL 14.08  
====

CE95554816157020631G46-0NN088WUP00088"
61.6 60.9 59.6 58.5 
0.12 1.01 0.81 0.20 
0.23 0.23 0.23 0.23 
:BATTLOAD 0 12.89  
====

6A10057616157024024G45-1NN038WUP00083 
 1.33  1.33  1.33  1.33
13.68 13.68 13.61 13.53
 1.74  1.73  1.73  1.73
13.5 
====
